# selectivity NFE1000 NFE2000 NFE3000 NFE4000 NFE5000 NFE6000 NFE7000 NFE8000 NFE9000 NFE10000
0.0   1.00000000   1.00000000   1.00000000   1.00000000   1.00000000   1.00000000   1.00000000   1.00000000   1.00000000   1.00000000
0.1   0.14400000   0.03600000   0.03800000   0.04700000   0.06000000   0.08700000   0.08900000   0.10700000   0.12800000   0.11700000
0.2   0.12700000   0.02100000   0.01800000   0.03500000   0.03800000   0.05000000   0.03200000   0.03800000   0.05100000   0.04900000
0.3   0.10800000   0.02900000   0.03300000   0.03800000   0.04700000   0.04200000   0.04700000   0.05500000   0.06100000   0.05200000
0.4   0.10500000   0.03500000   0.03800000   0.05400000   0.06200000   0.07900000   0.07100000   0.06200000   0.07100000   0.06000000
0.5   0.12000000   0.02200000   0.02600000   0.02100000   0.02400000   0.02200000   0.02500000   0.02900000   0.03100000   0.03200000
0.6   0.05200000   0.00700000   0.01100000   0.01100000   0.01800000   0.01900000   0.02100000   0.02100000   0.01300000   0.01400000
0.7   0.01900000   0.00000000   0.00300000   0.00100000   0.00000000   0.00100000   0.00000000   0.00000000   0.00200000   0.00100000
0.8   0.05500000   0.01900000   0.02500000   0.02000000   0.01300000   0.02000000   0.01900000   0.01900000   0.01200000   0.01700000
0.9   0.01100000   0.00700000   0.01000000   0.00300000   0.00100000   0.00400000   0.00500000   0.00700000   0.00400000   0.00500000
