# selectivity NFE1000 NFE2000 NFE3000 NFE4000 NFE5000 NFE6000 NFE7000 NFE8000 NFE9000 NFE10000
0.0   1.00000000   1.00000000   1.00000000   1.00000000   1.00000000   1.00000000   1.00000000   1.00000000   1.00000000   1.00000000
0.1   0.44508265   0.38311488   0.51520619   0.67300000   0.71400000   0.75900000   0.75600000   0.76800000   0.77800000   0.77500000
0.2   0.36774774   0.33602642   0.37249485   0.50500000   0.56300000   0.62000000   0.62200000   0.61900000   0.63700000   0.61500000
0.3   0.36075836   0.28003642   0.25427835   0.33800000   0.40900000   0.47500000   0.49600000   0.49600000   0.49800000   0.50600000
0.4   0.23589547   0.17836219   0.20149485   0.21100000   0.25900000   0.32500000   0.35700000   0.36200000   0.37400000   0.36800000
0.5   0.16236918   0.13533524   0.13421649   0.12000000   0.14700000   0.20500000   0.22400000   0.23000000   0.23600000   0.24300000
0.6   0.13793644   0.06953603   0.06803093   0.05800000   0.06000000   0.08500000   0.09600000   0.11800000   0.11300000   0.13100000
0.7   0.06973198   0.03158978   0.03000000   0.03800000   0.02300000   0.02900000   0.03400000   0.03600000   0.03800000   0.03800000
0.8   0.06203322   0.00784271   0.00403093   0.00100000   0.00000000   0.00000000   0.00000000   0.00000000   0.00000000   0.00000000
0.9   0.03816110   0.00803197   0.00103093   0.00000000   0.00000000   0.00000000   0.00000000   0.00000000   0.00000000   0.00000000
