# selectivity NFE1000 NFE2000 NFE3000 NFE4000 NFE5000 NFE6000 NFE7000 NFE8000 NFE9000 NFE10000
0.0   1.00000000   1.00000000   1.00000000   1.00000000   1.00000000   1.00000000   1.00000000   1.00000000   1.00000000   1.00000000
0.1   0.08900000   0.05700000   0.05600000   0.05400000   0.08200000   0.06000000   0.07100000   0.07400000   0.09200000   0.10100000
0.2   0.04600000   0.01900000   0.02600000   0.03200000   0.03300000   0.03100000   0.03800000   0.05600000   0.04900000   0.06500000
0.3   0.05300000   0.02600000   0.03500000   0.03200000   0.03700000   0.04200000   0.05100000   0.05900000   0.06400000   0.08400000
0.4   0.03300000   0.01600000   0.02600000   0.02500000   0.04200000   0.04700000   0.04300000   0.07200000   0.05500000   0.05400000
0.5   0.02400000   0.01200000   0.01300000   0.02800000   0.03500000   0.03100000   0.03400000   0.04100000   0.04900000   0.05400000
0.6   0.03800000   0.02500000   0.03200000   0.03200000   0.03900000   0.04600000   0.04000000   0.05800000   0.06100000   0.05800000
0.7   0.01700000   0.01100000   0.00600000   0.01700000   0.01800000   0.02100000   0.01900000   0.02600000   0.02800000   0.03000000
0.8   0.01500000   0.00700000   0.00600000   0.00400000   0.00700000   0.01000000   0.01200000   0.01100000   0.00800000   0.01200000
0.9   0.01800000   0.00400000   0.00200000   0.00000000   0.00700000   0.00100000   0.00500000   0.00800000   0.00400000   0.00700000
