# selectivity NFE1000 NFE2000 NFE3000 NFE4000 NFE5000 NFE6000 NFE7000 NFE8000 NFE9000 NFE10000
0.0   1.00000000   1.00000000   1.00000000   1.00000000   1.00000000   1.00000000   1.00000000   1.00000000   1.00000000   1.00000000
0.1   0.25100000   0.20000000   0.15900000   0.16100000   0.15800000   0.17500000   0.17600000   0.18400000   0.21100000   0.20500000
0.2   0.17400000   0.13200000   0.09700000   0.10100000   0.08800000   0.08500000   0.08500000   0.09800000   0.10400000   0.10200000
0.3   0.10800000   0.09700000   0.05300000   0.04300000   0.04900000   0.05700000   0.05100000   0.03900000   0.04600000   0.03600000
0.4   0.06500000   0.04600000   0.02700000   0.02700000   0.02500000   0.03400000   0.04300000   0.03900000   0.03600000   0.03400000
0.5   0.04100000   0.02200000   0.01700000   0.01500000   0.01600000   0.02100000   0.02400000   0.03100000   0.03200000   0.03500000
0.6   0.01000000   0.00100000   0.00000000   0.00000000   0.00100000   0.00100000   0.00600000   0.00600000   0.00800000   0.00700000
0.7   0.00400000   0.00000000   0.00000000   0.00100000   0.00100000   0.00300000   0.00600000   0.00800000   0.01200000   0.01000000
0.8   0.00000000   0.00000000   0.00000000   0.00200000   0.00300000   0.00300000   0.00700000   0.00800000   0.01100000   0.01300000
0.9   0.00000000   0.00000000   0.00000000   0.00100000   0.00600000   0.00800000   0.01200000   0.01500000   0.01700000   0.02000000
