# selectivity NFE1000 NFE2000 NFE3000 NFE4000 NFE5000 NFE6000 NFE7000 NFE8000 NFE9000 NFE10000
0.0   1.00000000   1.00000000   1.00000000   1.00000000   1.00000000   1.00000000   1.00000000   1.00000000   1.00000000   1.00000000
0.1   0.21203351   0.18300000   0.27700000   0.32900000   0.42100000   0.47600000   0.51600000   0.52000000   0.53100000   0.55000000
0.2   0.17396245   0.17500000   0.16500000   0.22300000   0.25300000   0.28500000   0.28500000   0.32300000   0.31300000   0.32300000
0.3   0.12848992   0.09800000   0.09500000   0.08700000   0.13300000   0.12100000   0.12300000   0.15700000   0.18700000   0.18100000
0.4   0.10926967   0.04900000   0.02000000   0.01900000   0.03400000   0.05000000   0.04600000   0.05700000   0.06100000   0.06200000
0.5   0.11438487   0.08500000   0.03100000   0.02800000   0.03000000   0.03300000   0.03000000   0.03500000   0.03800000   0.03200000
0.6   0.06455832   0.01600000   0.00500000   0.00500000   0.00700000   0.00700000   0.01100000   0.01000000   0.01400000   0.01300000
0.7   0.04313485   0.02400000   0.01400000   0.01300000   0.01200000   0.01000000   0.01300000   0.01200000   0.01500000   0.01300000
0.8   0.01837167   0.00200000   0.00000000   0.00400000   0.00700000   0.00700000   0.00700000   0.00300000   0.00600000   0.00700000
0.9   0.03444914   0.00900000   0.00500000   0.00200000   0.00200000   0.00300000   0.00300000   0.00400000   0.00000000   0.00100000
