11, 0.0, 0.000000, 1, 11, 0.0
11, 0.0, 0.000000, 1, 11, 0.0
11, 0.0, 0.000000, 1, 11, 0.0
11, 0.0, 0.000000, 1, 11, 0.0
11, 0.0, 0.000000, 1, 11, 0.0
11, 0.0, 0.000000, 1, 11, 0.0
11, 0.0, 0.000000, 1, 11, 0.0
11, 0.0, 0.000000, 1, 11, 0.0
11, 0.0, 0.000000, 1, 11, 0.0
11, 0.0, 0.000000, 1, 11, 0.0
11, 0.1, 0.008944, 1, 3, 0.023
11, 0.1, 0.004472, 1, 3, 0.021, 0.035, 0.896
11, 0.1, 0.006325, 1, 4, 0.524, 0.439
11, 0.1, 0.006325, 1, 4, 0.150, 0.593, 0.215
11, 0.1, 0.008944, 2, 4, 0.041, 0.166
11, 0.1, 0.004472, 2, 4, 0.220, 0.114, 0.838
11, 0.1, 0.008944, 2, 5, 0.671, 0.407
11, 0.1, 0.010000, 2, 5, 0.803, 0.759, 0.039
11, 0.1, 0.010000, 3, 5, 0.543
11, 0.1, 0.010000, 3, 5, 0.177, 0.617
11, 0.2, 0.016733, 1, 2, 0.060
11, 0.2, 0.017889, 1, 2, 0.014, 0.142
11, 0.2, 0.021909, 1, 2, 0.011, 0.116, 0.887
11, 0.2, 0.019494, 2, 3, 0.276, 0.649
11, 0.2, 0.012649, 2, 3, 0.293, 0.402, 0.327
11, 0.2, 0.016733, 3, 4, 0.574, 0.711
11, 0.2, 0.018439, 3, 4, 0.645, 0.274, 0.373
11, 0.2, 0.028636, 5, 5, 0.133
11, 0.2, 0.028983, 5, 5, 0.038, 0.931
11, 0.2, 0.021909, 5, 5, 0.286, 0.039, 0.973
11, 0.3, 0.043818, 4, 4, 0.051, 0.597
11, 0.3, 0.033166, 4, 4, 0.063, 0.316, 0.050
11, 0.3, 0.029326, 5, 5, 0.417, 0.263
11, 0.3, 0.034928, 5, 5, 0.246, 0.963, 0.398
11, 0.3, 0.023000, 6, 5, 0.139, 0.069
11, 0.3, 0.036056, 6, 5, 0.023, 0.173, 0.131
11, 0.3, 0.029479, 7, 5, 0.042, 0.037
11, 0.3, 0.027568, 7, 5, 0.070, 0.205, 0.978
11, 0.3, 0.047539, 8, 6, 0.458, 0.449
11, 0.3, 0.028636, 8, 6, 0.684, 0.133, 0.274
11, 0.4, 0.028983, 3, 3, 0.035, 0.900
11, 0.4, 0.031305, 3, 3, 0.122, 0.367, 0.423
11, 0.4, 0.050596, 4, 4, 0.903
11, 0.4, 0.047424, 4, 4, 0.708, 0.027
11, 0.4, 0.026249, 4, 4, 0.653, 0.121, 0.078
11, 0.4, 0.031305, 6, 5, 0.534, 0.139
11, 0.4, 0.047424, 6, 5, 0.637, 0.187, 0.384
11, 0.4, 0.048166, 7, 5, 0.243, 0.613
11, 0.4, 0.043920, 7, 5, 0.170, 0.473, 0.810
11, 0.4, 0.030480, 8, 5, 0.356
11, 0.5, 0.036606, 3, 3, 0.308, 0.443
11, 0.5, 0.014832, 3, 3, 0.366, 0.825, 0.119
11, 0.5, 0.047117, 5, 4, 0.196
11, 0.5, 0.046260, 5, 4, 0.099, 0.266
11, 0.5, 0.044272, 5, 4, 0.159, 0.480, 0.617
11, 0.5, 0.029665, 9, 5, 0.337, 0.951
11, 0.5, 0.038730, 9, 5, 0.077, 0.528, 0.786
11, 0.5, 0.024495,10, 5, 0.224
11, 0.5, 0.036056,10, 5, 0.044, 0.482
11, 0.5, 0.041952,10, 5, 0.344, 0.032, 0.213
11, 0.6, 0.036332, 5, 4, 0.811
11, 0.6, 0.037148, 5, 4, 0.371, 0.876
11, 0.6, 0.038210, 5, 4, 0.370, 0.381, 0.126
11, 0.6, 0.048166, 6, 4, 0.250
11, 0.6, 0.036056, 6, 4, 0.140, 0.398
11, 0.6, 0.045607, 6, 4, 0.287, 0.538, 0.834
11, 0.6, 0.025080, 7, 4, 0.136
11, 0.6, 0.027568, 7, 4, 0.053, 0.087
11, 0.6, 0.039611, 7, 4, 0.305, 0.318, 0.687
11, 0.6, 0.032863, 8, 4, 0.123, 0.515, 0.794
11, 0.7, 0.033166, 2, 2, 0.235
11, 0.7, 0.057096, 2, 2, 0.594, 0.444
11, 0.7, 0.038846, 2, 2, 0.553, 0.746, 0.859
11, 0.7, 0.043128, 4, 3, 0.297
11, 0.7, 0.053479, 4, 3, 0.229, 0.584
11, 0.7, 0.040249, 4, 3, 0.281, 0.979, 0.835
11, 0.7, 0.030000, 6, 4, 0.613, 0.517
11, 0.7, 0.038471, 6, 4, 0.837, 0.200, 0.128
11, 0.7, 0.040743, 7, 4, 0.920
11, 0.7, 0.035777, 7, 4, 0.563, 0.982
11, 0.8, 0.015780, 4, 3, 0.778, 0.778
11, 0.8, 0.029665, 4, 3, 0.640, 0.806, 0.137
11, 0.8, 0.032696, 5, 3, 0.390
11, 0.8, 0.027203, 5, 3, 0.351, 0.881
11, 0.8, 0.033466, 5, 3, 0.397, 0.823, 0.793
11, 0.8, 0.038210, 6, 3, 0.156, 0.932
11, 0.8, 0.041473, 6, 3, 0.108, 0.835, 0.305
11, 0.8, 0.040000, 9, 4, 0.840, 0.280
11, 0.8, 0.024083, 9, 4, 0.885, 0.103, 0.014
11, 0.8, 0.025690,10, 4, 0.735
11, 0.9, 0.021190, 3, 2, 0.244
11, 0.9, 0.025690, 3, 2, 0.345, 0.246
11, 0.9, 0.032863, 3, 2, 0.766, 0.192, 0.537
11, 0.9, 0.015492, 6, 3, 0.548, 0.139
11, 0.9, 0.042426, 6, 3, 0.472, 0.793, 0.363
11, 0.9, 0.026077, 7, 3, 0.241
11, 0.9, 0.020976, 7, 3, 0.324, 0.631
11, 0.9, 0.017889, 7, 3, 0.394, 0.951, 0.507
11, 0.9, 0.018974, 8, 3, 0.072
11, 0.9, 0.021909, 8, 3, 0.291, 0.698
