35, 0.0, 0.000000, 1, 35, 0.0
35, 0.0, 0.000000, 1, 35, 0.0
35, 0.0, 0.000000, 1, 35, 0.0
35, 0.0, 0.000000, 1, 35, 0.0
35, 0.0, 0.000000, 1, 35, 0.0
35, 0.0, 0.000000, 1, 35, 0.0
35, 0.0, 0.000000, 1, 35, 0.0
35, 0.0, 0.000000, 1, 35, 0.0
35, 0.0, 0.000000, 1, 35, 0.0
35, 0.0, 0.000000, 1, 35, 0.0
35, 0.1, 0.012649, 1, 5, 0.2908
35, 0.1, 0.010954, 1, 5, 0.0114, 0.2453
35, 0.1, 0.012649, 1, 5, 0.1074, 0.0508, 0.0558
35, 0.1, 0.011832, 1, 6, 0.7049
35, 0.1, 0.007746, 1, 6, 0.1225, 0.3707
35, 0.1, 0.008944, 1, 6, 0.1752, 0.2292, 0.0431
35, 0.1, 0.010954, 1, 7, 0.3695, 0.6427
35, 0.1, 0.008944, 1, 7, 0.4182, 0.1369, 0.7371
35, 0.1, 0.010000, 1, 8, 0.6720, 0.7296
35, 0.1, 0.008944, 1, 8, 0.3824, 0.3145, 0.6884
35, 0.2, 0.014832, 1, 3, 0.4194, 0.0939
35, 0.2, 0.017889, 1, 3, 0.0104, 0.4992, 0.8374
35, 0.2, 0.018138, 2, 3, 0.0590
35, 0.2, 0.020000, 2, 3, 0.0856, 0.0387
35, 0.2, 0.017889, 2, 3, 0.0148, 0.1097, 0.0075
35, 0.2, 0.010954, 2, 4, 0.8958, 0.8325
35, 0.2, 0.016733, 2, 4, 0.5267, 0.2599, 0.7819
35, 0.2, 0.011832, 3, 4, 0.2032, 0.1725
35, 0.2, 0.011832, 3, 4, 0.1041, 0.0465, 0.9819
35, 0.2, 0.007746, 4, 5, 0.5966, 0.0663
35, 0.3, 0.028089, 1, 2, 0.3309
35, 0.3, 0.019494, 1, 2, 0.2708, 0.9735
35, 0.3, 0.023238, 1, 2, 0.0298, 0.1780, 0.5375
35, 0.3, 0.022804, 4, 4, 0.0290, 0.3031, 0.0517
35, 0.3, 0.034641, 5, 5, 0.4475
35, 0.3, 0.028284, 5, 5, 0.3378, 0.2204
35, 0.3, 0.023238, 5, 5, 0.2928, 0.0952, 0.3054
35, 0.3, 0.026249, 6, 5, 0.0050, 0.0240
35, 0.3, 0.027203, 7, 6, 0.1957, 0.0033, 0.9413
35, 0.3, 0.039497, 8, 6, 0.0405, 0.1273
35, 0.4, 0.023664, 3, 3, 0.0846, 0.9540
35, 0.4, 0.020494, 3, 3, 0.0191, 0.2821, 0.7825
35, 0.4, 0.035341, 4, 4, 0.6276
35, 0.4, 0.047634, 4, 4, 0.2830, 0.3704
35, 0.4, 0.039497, 4, 4, 0.8219, 0.1731, 0.8705
35, 0.4, 0.058043, 6, 5, 0.3259
35, 0.4, 0.044497, 6, 5, 0.1214, 0.2324
35, 0.4, 0.047329, 6, 5, 0.1938, 0.0226, 0.7151
35, 0.4, 0.043232, 7, 5, 0.0840, 0.0019
35, 0.4, 0.057619, 7, 5, 0.0855, 0.0177, 0.1751
35, 0.5, 0.043818, 3, 3, 0.8464
35, 0.5, 0.050685, 3, 3, 0.2982, 0.9250
35, 0.5, 0.054406, 3, 3, 0.0962, 0.8802, 0.8003
35, 0.5, 0.048166, 5, 4, 0.0219, 0.2464
35, 0.5, 0.065269, 5, 4, 0.3228, 0.1089, 0.8407
35, 0.5, 0.039749, 6, 5, 0.9218, 0.0838
35, 0.5, 0.036878, 6, 5, 0.1723, 0.9289, 0.4756
35, 0.5, 0.040497, 7, 5, 0.0294, 0.4362
35, 0.5, 0.041473, 7, 5, 0.0790, 0.1882, 0.5856
35, 0.5, 0.048374, 8, 5, 0.0413, 0.0181, 0.3428
35, 0.6, 0.030480, 2, 2, 0.0874
35, 0.6, 0.032249, 2, 2, 0.3069, 0.7181
35, 0.6, 0.030000, 2, 2, 0.1584, 0.4378, 0.3038
35, 0.6, 0.064343, 5, 4, 0.5331
35, 0.6, 0.029665, 5, 4, 0.4401, 0.1684
35, 0.6, 0.059161, 5, 4, 0.4372, 0.0439, 0.3018
35, 0.6, 0.055937, 6, 4, 0.1283
35, 0.6, 0.030332, 6, 4, 0.1403, 0.1119
35, 0.6, 0.049598, 6, 4, 0.3386, 0.2052, 0.9825
35, 0.6, 0.052154, 7, 4, 0.0011, 0.0164
35, 0.7, 0.036056, 2, 2, 0.4744, 0.0140
35, 0.7, 0.035057, 2, 2, 0.5152, 0.6812, 0.8938
35, 0.7, 0.042661, 4, 3, 0.3054, 0.4894
35, 0.7, 0.059161, 4, 3, 0.7594, 0.1791, 0.4710
35, 0.7, 0.069491, 6, 4, 0.2368, 0.5421
35, 0.7, 0.033466, 6, 4, 0.0610, 0.9602, 0.2631
35, 0.7, 0.047117, 7, 4, 0.2369
35, 0.7, 0.039862, 7, 4, 0.0671, 0.2680
35, 0.7, 0.048466, 7, 4, 0.0690, 0.3087, 0.1896
35, 0.7, 0.048672, 8, 4, 0.0626
35, 0.8, 0.039497, 5, 3, 0.2074, 0.6110
35, 0.8, 0.036729, 5, 3, 0.2435, 0.6138, 0.0424
35, 0.8, 0.032863, 6, 3, 0.0576, 0.4115
35, 0.8, 0.029326, 6, 3, 0.1409, 0.3310, 0.9410
35, 0.8, 0.015492, 7, 4, 0.6555, 0.1819
35, 0.8, 0.030000, 7, 4, 0.2550, 0.5875, 0.1468
35, 0.8, 0.022804, 8, 4, 0.1837, 0.3652
35, 0.8, 0.046043, 8, 4, 0.2273, 0.1851, 0.1483
35, 0.8, 0.054772, 9, 4, 0.0421, 0.2421
35, 0.8, 0.050289, 9, 4, 0.3965, 0.1352, 0.9545
35, 0.9, 0.032249, 3, 2, 0.1377
35, 0.9, 0.024900, 3, 2, 0.5522, 0.5405
35, 0.9, 0.017889, 3, 2, 0.2043, 0.2792, 0.5733
35, 0.9, 0.020976, 6, 3, 0.4362
35, 0.9, 0.024900, 6, 3, 0.4205, 0.9269
35, 0.9, 0.026833, 6, 3, 0.3391, 0.7597, 0.0190
35, 0.9, 0.023664, 7, 3, 0.1752, 0.7783
35, 0.9, 0.031305, 7, 3, 0.8920, 0.0857, 0.5882
35, 0.9, 0.027203, 8, 3, 0.0485, 0.0110
35, 0.9, 0.043128, 8, 3, 0.0977, 0.3231, 0.7348
