12, 0.0, 0.000000, 1, 12, 0.0
12, 0.0, 0.000000, 1, 12, 0.0
12, 0.0, 0.000000, 1, 12, 0.0
12, 0.0, 0.000000, 1, 12, 0.0
12, 0.0, 0.000000, 1, 12, 0.0
12, 0.0, 0.000000, 1, 12, 0.0
12, 0.0, 0.000000, 1, 12, 0.0
12, 0.0, 0.000000, 1, 12, 0.0
12, 0.0, 0.000000, 1, 12, 0.0
12, 0.0, 0.000000, 1, 12, 0.0
12, 0.1, 0.006325, 1, 4, 0.985
12, 0.1, 0.010000, 1, 4, 0.364, 0.780
12, 0.1, 0.010954, 1, 4, 0.128, 0.210, 0.416
12, 0.1, 0.016125, 1, 5, 0.930, 0.925, 0.731
12, 0.1, 0.008944, 2, 4, 0.173
12, 0.1, 0.010954, 2, 4, 0.162, 0.133
12, 0.1, 0.008944, 2, 4, 0.016, 0.109, 0.553
12, 0.1, 0.006325, 2, 5, 0.720, 0.578
12, 0.1, 0.007746, 2, 5, 0.488, 0.261, 0.106
12, 0.1, 0.007746, 3, 5, 0.432
12, 0.2, 0.023000, 1, 2, 0.017
12, 0.2, 0.015780, 1, 2, 0.024, 0.045
12, 0.2, 0.018974, 2, 3, 0.364
12, 0.2, 0.024083, 2, 3, 0.297, 0.331
12, 0.2, 0.011832, 2, 3, 0.114, 0.361, 0.329
12, 0.2, 0.015492, 3, 4, 0.872, 0.565
12, 0.2, 0.018974, 3, 4, 0.452, 0.609, 0.884
12, 0.2, 0.018138, 5, 5, 0.212
12, 0.2, 0.032558, 5, 5, 0.034, 0.151, 0.243
12, 0.2, 0.020494, 6, 6, 0.450, 0.884
12, 0.3, 0.035496, 4, 4, 0.200, 0.072
12, 0.3, 0.038987, 4, 4, 0.224, 0.310, 0.958
12, 0.3, 0.038730, 5, 5, 0.751
12, 0.3, 0.028089, 5, 5, 0.505, 0.161
12, 0.3, 0.035057, 5, 5, 0.100, 0.940, 0.585
12, 0.3, 0.045166, 6, 5, 0.079
12, 0.3, 0.053292, 6, 5, 0.048, 0.058
12, 0.3, 0.030984, 6, 5, 0.036, 0.247, 0.571
12, 0.3, 0.045706, 7, 5, 0.032
12, 0.3, 0.042532, 9, 6, 0.780
12, 0.4, 0.037802, 3, 3, 0.078, 0.232
12, 0.4, 0.040988, 3, 3, 0.660, 0.169, 0.940
12, 0.4, 0.033897, 4, 4, 0.448, 0.238
12, 0.4, 0.040112, 4, 4, 0.713, 0.320, 0.802
12, 0.4, 0.047958, 6, 5, 0.390
12, 0.4, 0.045166, 6, 5, 0.346, 0.480
12, 0.4, 0.033764, 6, 5, 0.222, 0.984, 0.509
12, 0.4, 0.045826, 7, 5, 0.174
12, 0.4, 0.033601, 7, 5, 0.189, 0.851
12, 0.4, 0.031937, 7, 5, 0.162, 0.967, 0.078
12, 0.5, 0.043128, 3, 3, 0.313, 0.243
12, 0.5, 0.041340, 3, 3, 0.322, 0.390, 0.366
12, 0.5, 0.051186, 5, 4, 0.078, 0.170
12, 0.5, 0.053292, 5, 4, 0.692, 0.017, 0.604
12, 0.5, 0.056214, 6, 4, 0.271, 0.017, 0.644
12, 0.5, 0.048990, 7, 5, 0.491, 0.683
12, 0.5, 0.060902, 7, 5, 0.584, 0.245, 0.652
12, 0.5, 0.049193, 8, 5, 0.778
12, 0.5, 0.029326, 8, 5, 0.515, 0.316
12, 0.5, 0.043128, 8, 5, 0.550, 0.066, 0.045
12, 0.6, 0.048052, 5, 4, 0.651
12, 0.6, 0.036455, 5, 4, 0.356, 0.176
12, 0.6, 0.052345, 5, 4, 0.250, 0.504, 0.216
12, 0.6, 0.054489, 6, 4, 0.162
12, 0.6, 0.028284, 6, 4, 0.023, 0.836
12, 0.6, 0.059330, 6, 4, 0.950, 0.013, 0.758
12, 0.6, 0.053104, 7, 4, 0.412, 0.124, 0.918
12, 0.6, 0.048580,10, 5, 0.649, 0.569
12, 0.6, 0.045387,10, 5, 0.265, 0.872, 0.358
12, 0.6, 0.044822,11, 5, 0.456
12, 0.7, 0.043692, 2, 2, 0.414, 0.037
12, 0.7, 0.043589, 2, 2, 0.783, 0.645, 0.843
12, 0.7, 0.049487, 4, 3, 0.371
12, 0.7, 0.047329, 4, 3, 0.210, 0.587
12, 0.7, 0.034928, 4, 3, 0.402, 0.317, 0.380
12, 0.7, 0.037417, 5, 3, 0.498, 0.045, 0.786
12, 0.7, 0.035777, 6, 4, 0.365, 0.611
12, 0.7, 0.038210, 6, 4, 0.316, 0.819, 0.806
12, 0.7, 0.047212, 7, 4, 0.266
12, 0.7, 0.040988, 7, 4, 0.217, 0.436
12, 0.8, 0.039497, 5, 3, 0.284
12, 0.8, 0.042190, 5, 3, 0.406, 0.049
12, 0.8, 0.025298, 5, 3, 0.698, 0.539, 0.959
12, 0.8, 0.033466, 6, 3, 0.076, 0.512
12, 0.8, 0.037148, 6, 3, 0.918, 0.166, 0.858
12, 0.8, 0.032863, 8, 4, 0.764
12, 0.8, 0.040988, 8, 4, 0.731, 0.553
12, 0.8, 0.046260, 8, 4, 0.425, 0.958, 0.294
12, 0.8, 0.044045, 9, 4, 0.390, 0.765
12, 0.8, 0.034351, 9, 4, 0.490, 0.300, 0.473
12, 0.9, 0.028636, 3, 2, 0.180
12, 0.9, 0.033466, 3, 2, 0.569, 0.588
12, 0.9, 0.025298, 3, 2, 0.424, 0.911, 0.486
12, 0.9, 0.023000, 6, 3, 0.833
12, 0.9, 0.034928, 6, 3, 0.346, 0.516
12, 0.9, 0.021909, 6, 3, 0.741, 0.413, 0.399
12, 0.9, 0.039749, 7, 3, 0.271
12, 0.9, 0.025298, 7, 3, 0.331, 0.077
12, 0.9, 0.032863, 7, 3, 0.396, 0.376, 0.285
12, 0.9, 0.017321, 8, 3, 0.082
