 6, 0.1, 0.007746, 1, 3, 0.6760
 6, 0.1, 0.007746, 1, 3, 0.4240, 0.4850
 6, 0.1, 0.012649, 1, 3, 0.8830, 0.5040, 0.6170
 6, 0.1, 0.010954, 2, 4, 0.8570, 0.4160
 6, 0.1, 0.011832, 2, 4, 0.9600, 0.8580, 0.5350
 6, 0.1, 0.010954, 3, 4, 0.1690, 0.7840
 6, 0.1, 0.010000, 3, 4, 0.8020, 0.2660, 0.9880
 6, 0.1, 0.007746, 1, 3, 0.6330
 6, 0.1, 0.010954, 1, 3, 0.7750, 0.8790
 6, 0.1, 0.006325, 1, 3, 0.9330, 0.8160, 0.8140
 6, 0.2, 0.011832, 1, 2, 0.8710
 6, 0.2, 0.014142, 1, 2, 0.7760, 0.1190
 6, 0.2, 0.012649, 1, 2, 0.8540, 0.1410, 0.1600
 6, 0.2, 0.016125, 2, 3, 0.9800, 0.4510
 6, 0.2, 0.013416, 2, 3, 0.7760, 0.8980, 0.0330
 6, 0.2, 0.019209, 1, 2, 0.3330
 6, 0.2, 0.008944, 1, 2, 0.6420, 0.7620
 6, 0.2, 0.020976, 1, 2, 0.6240, 0.1210, 0.1650
 6, 0.2, 0.018439, 2, 3, 0.5010, 0.3200
 6, 0.2, 0.026833, 2, 3, 0.7160, 0.5670, 0.0560
 6, 0.3, 0.036878, 4, 4, 0.2430
 6, 0.3, 0.039243, 4, 4, 0.6690, 0.3390
 6, 0.3, 0.039497, 4, 4, 0.6120, 0.9450, 0.8850
 6, 0.3, 0.024495, 4, 4, 0.2620
 6, 0.3, 0.028284, 4, 4, 0.4960, 0.2000
 6, 0.3, 0.033466, 4, 4, 0.7220, 0.3510, 0.4920
 6, 0.3, 0.024269, 4, 4, 0.7340, 0.3330
 6, 0.3, 0.033466, 4, 4, 0.7120, 0.4310, 0.1640
 6, 0.3, 0.041340, 4, 4, 0.3400
 6, 0.3, 0.028636, 4, 4, 0.6430, 0.2560
 6, 0.4, 0.027000, 4, 4, 0.9370, 0.1090
 6, 0.4, 0.029326, 5, 4, 0.5240, 0.9820
 6, 0.4, 0.053376, 5, 4, 0.3610, 0.6860, 0.5320
 6, 0.4, 0.040608, 4, 4, 0.8480
 6, 0.4, 0.047117, 4, 4, 0.9770, 0.0270
 6, 0.4, 0.036332, 4, 4, 0.8590, 0.0500, 0.1290
 6, 0.4, 0.032249, 5, 4, 0.2060
 6, 0.4, 0.048374, 5, 4, 0.3990, 0.6930
 6, 0.4, 0.027731, 5, 4, 0.2820, 0.8720, 0.1390
 6, 0.4, 0.042190, 4, 4, 0.7510
 6, 0.5, 0.037537, 3, 3, 0.1620
 6, 0.5, 0.050000, 3, 3, 0.1530, 0.6680
 6, 0.5, 0.053292, 3, 3, 0.9880, 0.4230, 0.7080
 6, 0.5, 0.023664, 5, 4, 0.7160
 6, 0.5, 0.041473, 5, 4, 0.8630, 0.4370
 6, 0.5, 0.037947, 5, 4, 0.7060, 0.7920, 0.4020
 6, 0.5, 0.036606, 3, 3, 0.0850
 6, 0.5, 0.030984, 3, 3, 0.1390, 0.3150
 6, 0.5, 0.055136, 3, 3, 0.4860, 0.8950, 0.5660
 6, 0.5, 0.056214, 5, 4, 0.7780, 0.3620
 6, 0.6, 0.035777, 3, 3, 0.4980
 6, 0.6, 0.045166, 3, 3, 0.4490, 0.2590
 6, 0.6, 0.049598, 3, 3, 0.6140, 0.1000, 0.1500
 6, 0.6, 0.033764, 4, 3, 0.2470
 6, 0.6, 0.043359, 4, 3, 0.1650, 0.2620
 6, 0.6, 0.041581, 4, 3, 0.3170, 0.5370, 0.1400
 6, 0.6, 0.045607, 5, 3, 0.1330, 0.9570, 0.9630
 6, 0.6, 0.054955, 3, 3, 0.5570
 6, 0.6, 0.037802, 3, 3, 0.4000, 0.0480
 6, 0.6, 0.034641, 3, 3, 0.7090, 0.9740, 0.6340
 6, 0.7, 0.026833, 2, 2, 0.4090, 0.5060
 6, 0.7, 0.030984, 2, 2, 0.1230, 0.2190, 0.0350
 6, 0.7, 0.041713, 4, 3, 0.4770, 0.7910
 6, 0.7, 0.031448, 4, 3, 0.8950, 0.5750, 0.4860
 6, 0.7, 0.041713, 5, 3, 0.6550
 6, 0.7, 0.040988, 5, 3, 0.1830, 0.6460
 6, 0.7, 0.024678, 5, 3, 0.7940, 0.3350, 0.4190
 6, 0.7, 0.040000, 2, 2, 0.5010, 0.8830
 6, 0.7, 0.032558, 2, 2, 0.1500, 0.3030, 0.0280
 6, 0.7, 0.053104, 4, 3, 0.5590, 0.1350
 6, 0.8, 0.034059, 2, 2, 0.7890
 6, 0.8, 0.039243, 2, 2, 0.9140, 0.8130
 6, 0.8, 0.034928, 2, 2, 0.3120, 0.7300, 0.7140
 6, 0.8, 0.040249, 2, 2, 0.9540
 6, 0.8, 0.030806, 2, 2, 0.7140, 0.4810
 6, 0.8, 0.036056, 2, 2, 0.5160, 0.5370, 0.6720
 6, 0.8, 0.035214, 2, 2, 0.6070
 6, 0.8, 0.042661, 2, 2, 0.7600, 0.5330
 6, 0.8, 0.051962, 2, 2, 0.5310, 0.8350, 0.7660
 6, 0.8, 0.029665, 2, 2, 0.9590
 6, 0.9, 0.027203, 3, 2, 0.2030
 6, 0.9, 0.021909, 3, 2, 0.8910, 0.5800
 6, 0.9, 0.027928, 3, 2, 0.2070, 0.7880, 0.8130
 6, 0.9, 0.029665, 3, 2, 0.7270, 0.3830
 6, 0.9, 0.026077, 3, 2, 0.6180, 0.5260, 0.4390
 6, 0.9, 0.026077, 3, 2, 0.2830
 6, 0.9, 0.023238, 3, 2, 0.9400, 0.7200
 6, 0.9, 0.022361, 3, 2, 0.0350, 0.8020, 0.7390
 6, 0.9, 0.023238, 3, 2, 0.4590, 0.0610
 6, 0.9, 0.023664, 3, 2, 0.7870, 0.3800, 0.8340
