45, 0.0, 0.000000, 1, 45, 0.0
45, 0.0, 0.000000, 1, 45, 0.0
45, 0.0, 0.000000, 1, 45, 0.0
45, 0.0, 0.000000, 1, 45, 0.0
45, 0.0, 0.000000, 1, 45, 0.0
45, 0.0, 0.000000, 1, 45, 0.0
45, 0.0, 0.000000, 1, 45, 0.0
45, 0.0, 0.000000, 1, 45, 0.0
45, 0.0, 0.000000, 1, 45, 0.0
45, 0.0, 0.000000, 1, 45, 0.0
45, 0.1, 0.006325, 1, 5, 0.1115
45, 0.1, 0.004472, 1, 5, 0.0230, 0.0692
45, 0.1, 0.010954, 1, 5, 0.0648, 0.0012, 0.0066
45, 0.1, 0.010000, 1, 6, 0.4182
45, 0.1, 0.010000, 1, 6, 0.3252, 0.0584
45, 0.1, 0.010000, 1, 6, 0.1326, 0.0012, 0.1284
45, 0.1, 0.010000, 1, 7, 0.9594
45, 0.1, 0.007746, 1, 7, 0.1376, 0.9840
45, 0.1, 0.008944, 1, 7, 0.0582, 0.1118, 0.3129
45, 0.1, 0.010954, 1, 8, 0.8473, 0.1763
45, 0.2, 0.023664, 1, 3, 0.1279, 0.6111
45, 0.2, 0.008944, 1, 3, 0.3902, 0.0086, 0.0344
45, 0.2, 0.011358, 2, 3, 0.0071
45, 0.2, 0.020000, 2, 3, 0.0085, 0.0064
45, 0.2, 0.016401, 2, 3, 0.0147, 0.0202, 0.0420
45, 0.2, 0.020494, 2, 4, 0.3807, 0.5497
45, 0.2, 0.010954, 2, 4, 0.5114, 0.0793, 0.7785
45, 0.2, 0.014142, 3, 4, 0.2451
45, 0.2, 0.017578, 3, 4, 0.0461, 0.1566
45, 0.2, 0.014832, 3, 4, 0.0427, 0.0778, 0.1578
45, 0.3, 0.020000, 1, 2, 0.1002, 0.9860
45, 0.3, 0.021448, 1, 2, 0.0004, 0.3369, 0.0894
45, 0.3, 0.015133, 2, 3, 0.8353, 0.2053
45, 0.3, 0.027203, 2, 3, 0.5467, 0.1204, 0.5544
45, 0.3, 0.029138, 4, 4, 0.1920
45, 0.3, 0.031305, 4, 4, 0.0241, 0.1092
45, 0.3, 0.022561, 4, 4, 0.0224, 0.1978, 0.9377
45, 0.3, 0.036056, 5, 5, 0.6042
45, 0.3, 0.037947, 5, 5, 0.5313, 0.0177
45, 0.3, 0.023238, 5, 5, 0.0219, 0.8938, 0.0239
45, 0.4, 0.029479, 3, 3, 0.0496, 0.2603
45, 0.4, 0.039102, 3, 3, 0.1607, 0.1335, 0.7641
45, 0.4, 0.030332, 4, 4, 0.2879, 0.4411
45, 0.4, 0.032249, 4, 4, 0.0544, 0.5172, 0.5613
45, 0.4, 0.042661, 6, 5, 0.0547, 0.2374
45, 0.4, 0.043000, 6, 5, 0.0481, 0.2590, 0.9685
45, 0.4, 0.034351, 7, 5, 0.0819
45, 0.4, 0.047749, 7, 5, 0.0382, 0.0673
45, 0.4, 0.048466, 7, 5, 0.0004, 0.0192, 0.7330
45, 0.4, 0.042426, 7, 6, 0.2438, 0.7142
45, 0.5, 0.030659, 3, 3, 0.9484
45, 0.5, 0.033302, 3, 3, 0.3125, 0.8573
45, 0.5, 0.035214, 3, 3, 0.9103, 0.2471, 0.8668
45, 0.5, 0.032249, 5, 4, 0.2066
45, 0.5, 0.038987, 5, 4, 0.0024, 0.3720
45, 0.5, 0.051769, 5, 4, 0.1429, 0.2242, 0.6320
45, 0.5, 0.045387, 7, 5, 0.2994
45, 0.5, 0.039243, 7, 5, 0.0046, 0.7732
45, 0.5, 0.049598, 7, 5, 0.3341, 0.0383, 0.8395
45, 0.5, 0.021448, 8, 5, 0.0936
45, 0.6, 0.036878, 2, 2, 0.0294, 0.1281
45, 0.6, 0.040000, 2, 2, 0.1315, 0.3332, 0.0288
45, 0.6, 0.045607, 5, 4, 0.5558
45, 0.6, 0.035214, 5, 4, 0.4038, 0.9936
45, 0.6, 0.048374, 5, 4, 0.8405, 0.0704, 0.6232
45, 0.6, 0.035214, 6, 4, 0.1628
45, 0.6, 0.050200, 6, 4, 0.1184, 0.1310
45, 0.6, 0.033166, 6, 4, 0.0188, 0.2962, 0.9713
45, 0.6, 0.028443, 7, 4, 0.0202
45, 0.6, 0.053666, 7, 4, 0.0778, 0.0121, 0.9004
45, 0.7, 0.038066, 2, 2, 0.6491, 0.9107
45, 0.7, 0.056214, 2, 2, 0.2504, 0.7747, 0.8998
45, 0.7, 0.046573, 4, 3, 0.1022
45, 0.7, 0.052621, 4, 3, 0.2347, 0.6146
45, 0.7, 0.032863, 4, 3, 0.0905, 0.2168, 0.0079
45, 0.7, 0.019494, 6, 4, 0.6119
45, 0.7, 0.042895, 6, 4, 0.2946, 0.9951
45, 0.7, 0.044822, 6, 4, 0.1825, 0.8298, 0.2507
45, 0.7, 0.055937, 7, 4, 0.1426, 0.2070
45, 0.7, 0.039243, 7, 4, 0.2944, 0.3190, 0.9019
45, 0.8, 0.033302, 4, 3, 0.5840, 0.1714
45, 0.8, 0.034059, 4, 3, 0.8923, 0.5204, 0.7584
45, 0.8, 0.041952, 5, 3, 0.2204
45, 0.8, 0.039497, 5, 3, 0.0739, 0.0513
45, 0.8, 0.044944, 5, 3, 0.2392, 0.6505, 0.0362
45, 0.8, 0.026833, 6, 3, 0.4473, 0.1728, 0.8853
45, 0.8, 0.037148, 7, 4, 0.6652, 0.0237
45, 0.8, 0.050200, 7, 4, 0.8910, 0.0588, 0.2709
45, 0.8, 0.027928, 8, 4, 0.4153
45, 0.8, 0.020712, 8, 4, 0.1234, 0.4088
45, 0.9, 0.030000, 3, 2, 0.0609
45, 0.9, 0.030332, 3, 2, 0.4324, 0.5460
45, 0.9, 0.033166, 3, 2, 0.4182, 0.5354, 0.1937
45, 0.9, 0.036606, 5, 3, 0.6858, 0.2201
45, 0.9, 0.021448, 5, 3, 0.8963, 0.9563, 0.8930
45, 0.9, 0.016733, 6, 3, 0.6091
45, 0.9, 0.047117, 6, 3, 0.3516, 0.7384
45, 0.9, 0.025298, 6, 3, 0.3735, 0.4180, 0.2222
45, 0.9, 0.028636, 7, 3, 0.0915, 0.2329
45, 0.9, 0.034928, 7, 3, 0.3446, 0.4129, 0.5654
