25, 0.1, 0.010000, 1, 4, 0.1260
25, 0.1, 0.006325, 1, 4, 0.0540, 0.0460
25, 0.1, 0.010000, 1, 5, 0.1640, 0.2920
25, 0.1, 0.008944, 1, 5, 0.0450, 0.8490, 0.0550
25, 0.1, 0.006325, 1, 6, 0.4650, 0.4570
25, 0.1, 0.006325, 1, 6, 0.1410, 0.8090, 0.9820
25, 0.1, 0.010000, 1, 7, 0.8750, 0.5240
25, 0.1, 0.010954, 1, 7, 0.7530, 0.7250, 0.9250
25, 0.1, 0.006325, 1, 8, 0.9010, 0.7050, 0.3900
25, 0.1, 0.008944, 2, 5, 0.2840
25, 0.2, 0.012649, 1, 3, 0.8310, 0.9210
25, 0.2, 0.014142, 1, 3, 0.2400, 0.6050, 0.4740
25, 0.2, 0.016733, 2, 3, 0.2030
25, 0.2, 0.017889, 2, 3, 0.0310, 0.1420
25, 0.2, 0.018439, 2, 3, 0.1100, 0.0180, 0.0400
25, 0.2, 0.012649, 3, 4, 0.6100
25, 0.2, 0.018439, 3, 4, 0.0740, 0.9050
25, 0.2, 0.017321, 3, 4, 0.0640, 0.2880, 0.6580
25, 0.2, 0.018974, 4, 5, 0.3870, 0.7190
25, 0.2, 0.015492, 4, 5, 0.8930, 0.0880, 0.2220
25, 0.3, 0.016125, 1, 2, 0.3510, 0.7400
25, 0.3, 0.022804, 1, 2, 0.1440, 0.9890, 0.3280
25, 0.3, 0.028284, 4, 4, 0.2420
25, 0.3, 0.040249, 4, 4, 0.0880, 0.2160
25, 0.3, 0.027000, 4, 4, 0.2320, 0.0230, 0.3060
25, 0.3, 0.033466, 5, 5, 0.9580
25, 0.3, 0.032863, 5, 5, 0.2670, 0.6270
25, 0.3, 0.031623, 5, 5, 0.2290, 0.1960, 0.8210
25, 0.3, 0.041340, 6, 5, 0.0130
25, 0.3, 0.042895, 7, 6, 0.2930
25, 0.4, 0.033466, 3, 3, 0.1490
25, 0.4, 0.046904, 3, 3, 0.0340, 0.0740
25, 0.4, 0.031129, 3, 3, 0.0160, 0.7710, 0.2690
25, 0.4, 0.054406, 4, 4, 0.7210
25, 0.4, 0.042532, 4, 4, 0.6480, 0.0520
25, 0.4, 0.037683, 4, 4, 0.1830, 0.5830, 0.8030
25, 0.4, 0.043463, 6, 5, 0.1030, 0.2440
25, 0.4, 0.023238, 6, 5, 0.2090, 0.1020, 0.9870
25, 0.4, 0.037417, 7, 5, 0.0720
25, 0.4, 0.051381, 7, 5, 0.0600, 0.0740
25, 0.5, 0.034641, 3, 3, 0.6020
25, 0.5, 0.054037, 3, 3, 0.6370, 0.0490
25, 0.5, 0.036878, 3, 3, 0.2070, 0.9860, 0.9870
25, 0.5, 0.039749, 5, 4, 0.1820
25, 0.5, 0.056745, 5, 4, 0.0200, 0.2330
25, 0.5, 0.072801, 5, 4, 0.2150, 0.1280, 0.5780
25, 0.5, 0.034059, 6, 5, 0.5960, 0.1150
25, 0.5, 0.045607, 6, 5, 0.2000, 0.5760, 0.4980
25, 0.5, 0.045607, 7, 5, 0.3360
25, 0.5, 0.043589, 7, 5, 0.2750, 0.0370
25, 0.6, 0.035341, 2, 2, 0.3880, 0.9230
25, 0.6, 0.030480, 2, 2, 0.4080, 0.0800, 0.9300
25, 0.6, 0.050200, 5, 4, 0.8450
25, 0.6, 0.021448, 5, 4, 0.3550, 0.4140
25, 0.6, 0.030984, 5, 4, 0.0970, 0.7820, 0.3870
25, 0.6, 0.051575, 6, 4, 0.0520, 0.2000
25, 0.6, 0.052345, 6, 4, 0.0830, 0.2710, 0.5420
25, 0.6, 0.033000, 7, 4, 0.0100, 0.0120
25, 0.6, 0.039243, 7, 4, 0.0290, 0.0650, 0.3430
25, 0.6, 0.040000, 7, 5, 0.5170, 0.8550
25, 0.7, 0.041952, 2, 2, 0.6440
25, 0.7, 0.036878, 2, 2, 0.5180, 0.5460
25, 0.7, 0.024678, 2, 2, 0.7340, 0.9460, 0.0510
25, 0.7, 0.044721, 4, 3, 0.2330
25, 0.7, 0.051186, 4, 3, 0.1660, 0.1370
25, 0.7, 0.053188, 4, 3, 0.8700, 0.1100, 0.6190
25, 0.7, 0.055498, 6, 4, 0.5340
25, 0.7, 0.028636, 6, 4, 0.4350, 0.1190
25, 0.7, 0.032696, 6, 4, 0.6010, 0.0290, 0.4810
25, 0.7, 0.040608, 7, 4, 0.2820
25, 0.8, 0.018974, 4, 3, 0.6340, 0.2430
25, 0.8, 0.043128, 4, 3, 0.5680, 0.7490, 0.5200
25, 0.8, 0.016401, 5, 3, 0.2490
25, 0.8, 0.038730, 5, 3, 0.2430, 0.6610
25, 0.8, 0.032863, 5, 3, 0.5460, 0.1560, 0.3890
25, 0.8, 0.035777, 6, 3, 0.0200, 0.8630
25, 0.8, 0.027203, 6, 3, 0.2220, 0.3140, 0.9490
25, 0.8, 0.030984, 7, 4, 0.5260, 0.5350
25, 0.8, 0.033000, 7, 4, 0.9300, 0.1820, 0.6180
25, 0.8, 0.036332, 8, 4, 0.4000
25, 0.9, 0.030000, 3, 2, 0.0500
25, 0.9, 0.030984, 3, 2, 0.1000, 0.0420
25, 0.9, 0.033166, 3, 2, 0.7130, 0.4170, 0.9670
25, 0.9, 0.029665, 6, 3, 0.8220
25, 0.9, 0.031623, 6, 3, 0.3710, 0.0730
25, 0.9, 0.020000, 6, 3, 0.3880, 0.6000, 0.5550
25, 0.9, 0.025690, 7, 3, 0.1270, 0.1450
25, 0.9, 0.025298, 7, 3, 0.4620, 0.4930, 0.7880
25, 0.9, 0.036056, 8, 3, 0.0470, 0.9680
25, 0.9, 0.021448, 8, 3, 0.2920, 0.1090, 0.4190
