 7, 0.1, 0.011832, 1, 3, 0.8360
 7, 0.1, 0.007746, 1, 3, 0.2080, 0.2010
 7, 0.1, 0.004472, 1, 3, 0.2330, 0.8880, 0.3350
 7, 0.1, 0.008944, 2, 4, 0.7060
 7, 0.1, 0.007746, 2, 4, 0.9290, 0.9180
 7, 0.1, 0.008944, 2, 4, 0.5620, 0.9040, 0.5010
 7, 0.1, 0.015492, 3, 4, 0.0160, 0.3180, 0.1720
 7, 0.1, 0.008944, 4, 5, 0.8800
 7, 0.1, 0.007746, 4, 5, 0.9560, 0.0790
 7, 0.1, 0.008944, 4, 5, 0.7930, 0.2470, 0.1700
 7, 0.2, 0.018439, 1, 2, 0.3590
 7, 0.2, 0.020976, 1, 2, 0.2290, 0.0370
 7, 0.2, 0.024900, 1, 2, 0.2520, 0.8770, 0.4920
 7, 0.2, 0.017889, 2, 3, 0.5300, 0.2140
 7, 0.2, 0.016125, 2, 3, 0.6810, 0.4440, 0.3910
 7, 0.2, 0.036332, 6, 5, 0.1170, 0.1580
 7, 0.2, 0.031623, 6, 5, 0.1710, 0.9890, 0.8610
 7, 0.2, 0.010954, 1, 2, 0.3260
 7, 0.2, 0.019494, 1, 2, 0.4270, 0.7890
 7, 0.2, 0.020494, 1, 2, 0.2360, 0.2710, 0.1480
 7, 0.3, 0.038471, 4, 4, 0.0340, 0.1700
 7, 0.3, 0.041713, 4, 4, 0.2560, 0.3330, 0.3210
 7, 0.3, 0.042661, 6, 5, 0.4260
 7, 0.3, 0.038210, 6, 5, 0.4980, 0.0170
 7, 0.3, 0.043589, 6, 5, 0.7080, 0.2930, 0.1410
 7, 0.3, 0.033000, 4, 4, 0.1410
 7, 0.3, 0.038066, 4, 4, 0.1180, 0.0900
 7, 0.3, 0.033764, 4, 4, 0.8320, 0.1260, 0.7620
 7, 0.3, 0.047117, 6, 5, 0.3820
 7, 0.3, 0.042895, 6, 5, 0.8130, 0.3160
 7, 0.4, 0.027928, 4, 4, 0.6140
 7, 0.4, 0.030000, 4, 4, 0.3320, 0.3450
 7, 0.4, 0.029326, 4, 4, 0.8820, 0.1960, 0.4260
 7, 0.4, 0.048166, 5, 4, 0.2470
 7, 0.4, 0.035496, 5, 4, 0.1560, 0.5610
 7, 0.4, 0.033897, 5, 4, 0.0430, 0.9140, 0.7350
 7, 0.4, 0.043000, 4, 4, 0.4220
 7, 0.4, 0.042767, 4, 4, 0.4680, 0.0450
 7, 0.4, 0.037683, 4, 4, 0.5410, 0.2020, 0.1390
 7, 0.4, 0.033166, 5, 4, 0.2230, 0.2590
 7, 0.5, 0.045607, 3, 3, 0.1450
 7, 0.5, 0.034928, 3, 3, 0.2290, 0.7600
 7, 0.5, 0.052726, 3, 3, 0.3550, 0.6530, 0.8830
 7, 0.5, 0.044721, 5, 4, 0.4670, 0.3890
 7, 0.5, 0.057619, 5, 4, 0.4630, 0.7900, 0.7880
 7, 0.5, 0.027568, 6, 4, 0.0570, 0.3600
 7, 0.5, 0.040497, 6, 4, 0.2990, 0.3910, 0.2440
 7, 0.5, 0.042190, 3, 3, 0.3000, 0.9710
 7, 0.5, 0.032249, 5, 4, 0.6660
 7, 0.5, 0.050596, 5, 4, 0.4160, 0.3900
 7, 0.6, 0.036606, 3, 3, 0.4600, 0.1970
 7, 0.6, 0.035623, 3, 3, 0.9180, 0.3410, 0.3790
 7, 0.6, 0.035341, 4, 3, 0.1070, 0.3040
 7, 0.6, 0.030984, 4, 3, 0.5740, 0.3340, 0.5370
 7, 0.6, 0.048466, 6, 4, 0.9110
 7, 0.6, 0.037947, 6, 4, 0.0800, 0.7570
 7, 0.6, 0.032558, 6, 4, 0.3330, 0.8870, 0.7700
 7, 0.6, 0.066701, 3, 3, 0.8590
 7, 0.6, 0.042895, 3, 3, 0.5600, 0.2480
 7, 0.6, 0.037000, 3, 3, 0.6340, 0.6180, 0.5130
 7, 0.7, 0.021190, 2, 2, 0.1400
 7, 0.7, 0.035341, 2, 2, 0.5050, 0.4880
 7, 0.7, 0.037148, 2, 2, 0.8020, 0.3910, 0.7900
 7, 0.7, 0.029138, 4, 3, 0.4300, 0.1700
 7, 0.7, 0.060902, 4, 3, 0.5490, 0.2470, 0.1410
 7, 0.7, 0.039243, 5, 3, 0.1060
 7, 0.7, 0.042532, 5, 3, 0.2320, 0.5680
 7, 0.7, 0.026627, 5, 3, 0.2340, 0.9530, 0.7890
 7, 0.7, 0.051186, 6, 3, 0.0840, 0.6330
 7, 0.7, 0.037000, 6, 3, 0.0660, 0.7780, 0.3840
 7, 0.8, 0.033166, 2, 2, 0.8670, 0.0340
 7, 0.8, 0.035903, 2, 2, 0.9800, 0.8870, 0.0890
 7, 0.8, 0.024083, 6, 3, 0.9440, 0.1720
 7, 0.8, 0.038987, 6, 3, 0.8040, 0.2120, 0.1550
 7, 0.8, 0.040988, 2, 2, 0.7500, 0.2180
 7, 0.8, 0.032696, 2, 2, 0.6200, 0.9870, 0.7810
 7, 0.8, 0.033166, 6, 3, 0.8340, 0.0400
 7, 0.8, 0.036606, 6, 3, 0.7950, 0.2720, 0.6180
 7, 0.8, 0.041581, 2, 2, 0.7440, 0.3650
 7, 0.8, 0.023664, 2, 2, 0.9660, 0.9150, 0.7830
 7, 0.9, 0.033166, 3, 2, 0.1080
 7, 0.9, 0.027203, 3, 2, 0.6170, 0.3410
 7, 0.9, 0.025298, 3, 2, 0.4670, 0.0890, 0.2420
 7, 0.9, 0.021909, 3, 2, 0.3760, 0.1250
 7, 0.9, 0.034351, 3, 2, 0.6930, 0.7550, 0.5790
 7, 0.9, 0.018439, 3, 2, 0.2420
 7, 0.9, 0.028284, 3, 2, 0.5480, 0.3940
 7, 0.9, 0.024495, 3, 2, 0.8840, 0.9630, 0.6540
 7, 0.9, 0.027928, 3, 2, 0.2030
 7, 0.9, 0.018439, 3, 2, 0.9200, 0.9500
