10, 0.1, 0.012649, 1, 3, 0.1310
10, 0.1, 0.007746, 1, 3, 0.0240, 0.1080, 0.7980
10, 0.1, 0.007746, 1, 4, 0.9890, 0.5640
10, 0.1, 0.007746, 1, 4, 0.6810, 0.7780, 0.9840
10, 0.1, 0.016125, 2, 4, 0.2120
10, 0.1, 0.012649, 2, 4, 0.0660, 0.2580
10, 0.1, 0.006325, 2, 4, 0.0190, 0.7930, 0.9000
10, 0.1, 0.008944, 2, 5, 0.6740, 0.6560, 0.0930
10, 0.1, 0.010954, 3, 5, 0.9070
10, 0.1, 0.010000, 3, 5, 0.5340, 0.1680
10, 0.2, 0.018974, 1, 2, 0.0700, 0.8060
10, 0.2, 0.018439, 1, 2, 0.1960, 0.0960, 0.9760
10, 0.2, 0.020494, 2, 3, 0.6070
10, 0.2, 0.017889, 2, 3, 0.3380, 0.9230
10, 0.2, 0.016733, 2, 3, 0.6450, 0.0760, 0.3890
10, 0.2, 0.034351, 5, 5, 0.1630
10, 0.2, 0.025298, 5, 5, 0.1090, 0.0480
10, 0.2, 0.019494, 5, 5, 0.2950, 0.0370, 0.8690
10, 0.2, 0.018439, 6, 5, 0.0250, 0.0560
10, 0.2, 0.029665, 6, 5, 0.0480, 0.0500, 0.8680
10, 0.3, 0.026627, 4, 4, 0.1590
10, 0.3, 0.032696, 4, 4, 0.4190, 0.1240, 0.8710
10, 0.3, 0.049890, 5, 5, 0.3960, 0.6700
10, 0.3, 0.031623, 5, 5, 0.2650, 0.5570, 0.3930
10, 0.3, 0.039357, 6, 5, 0.5880
10, 0.3, 0.034191, 6, 5, 0.1450, 0.6900
10, 0.3, 0.019209, 6, 5, 0.6490, 0.0260, 0.7810
10, 0.3, 0.034059, 7, 5, 0.3400
10, 0.3, 0.047958, 7, 5, 0.0800, 0.5040
10, 0.3, 0.025475, 7, 5, 0.0510, 0.3290, 0.3280
10, 0.4, 0.024900, 3, 3, 0.0950, 0.3670
10, 0.4, 0.022804, 3, 3, 0.0800, 0.3750, 0.2800
10, 0.4, 0.043920, 4, 4, 0.6670
10, 0.4, 0.038588, 4, 4, 0.3010, 0.7610
10, 0.4, 0.047212, 4, 4, 0.3930, 0.3450, 0.0430
10, 0.4, 0.049890, 5, 4, 0.2670, 0.2140, 0.9570
10, 0.4, 0.044497, 7, 5, 0.9590, 0.2300
10, 0.4, 0.044272, 7, 5, 0.8370, 0.0950, 0.2320
10, 0.4, 0.034928, 8, 5, 0.6310
10, 0.4, 0.028284, 8, 5, 0.2890, 0.4150
10, 0.5, 0.029326, 3, 3, 0.3940
10, 0.5, 0.024900, 3, 3, 0.3400, 0.0400
10, 0.5, 0.037417, 3, 3, 0.3430, 0.5480, 0.5680
10, 0.5, 0.040743, 5, 4, 0.3090
10, 0.5, 0.039243, 5, 4, 0.1270, 0.0960
10, 0.5, 0.052536, 5, 4, 0.2050, 0.0160, 0.0760
10, 0.5, 0.034928, 6, 4, 0.0140
10, 0.5, 0.046690, 6, 4, 0.6360, 0.0900, 0.8870
10, 0.5, 0.054589, 8, 5, 0.7320, 0.3490
10, 0.5, 0.033166, 8, 5, 0.7180, 0.3050, 0.1720
10, 0.6, 0.043818, 5, 4, 0.7330, 0.5510
10, 0.6, 0.043128, 5, 4, 0.6500, 0.3590, 0.5170
10, 0.6, 0.040249, 6, 4, 0.4040
10, 0.6, 0.050398, 6, 4, 0.1820, 0.2130
10, 0.6, 0.032388, 6, 4, 0.8210, 0.0370, 0.4740
10, 0.6, 0.034191, 7, 4, 0.1030, 0.9090
10, 0.6, 0.039611, 7, 4, 0.1990, 0.8450, 0.9290
10, 0.6, 0.031765, 8, 4, 0.0850
10, 0.6, 0.044045, 8, 4, 0.0450, 0.0960
10, 0.6, 0.034928, 8, 4, 0.0610, 0.7120, 0.5720
10, 0.7, 0.027928, 2, 2, 0.6630, 0.9710
10, 0.7, 0.034059, 2, 2, 0.4010, 0.7580, 0.7870
10, 0.7, 0.039243, 4, 3, 0.2050
10, 0.7, 0.044944, 4, 3, 0.2480, 0.5450
10, 0.7, 0.031305, 4, 3, 0.5290, 0.8410, 0.9700
10, 0.7, 0.037269, 7, 4, 0.6440, 0.2030, 0.1870
10, 0.7, 0.032863, 8, 4, 0.8530
10, 0.7, 0.030000, 8, 4, 0.9520, 0.6900
10, 0.7, 0.039497, 8, 4, 0.6120, 0.4400, 0.9410
10, 0.7, 0.036878, 9, 4, 0.3540
10, 0.8, 0.030480, 2, 2, 0.9780, 0.3290
10, 0.8, 0.031623, 2, 2, 0.9230, 0.9080, 0.3460
10, 0.8, 0.031937, 5, 3, 0.5170
10, 0.8, 0.041952, 5, 3, 0.2500, 0.0180
10, 0.8, 0.035903, 5, 3, 0.8060, 0.0460, 0.1570
10, 0.8, 0.031765, 6, 3, 0.1640, 0.6790
10, 0.8, 0.024269, 6, 3, 0.9400, 0.2390, 0.6300
10, 0.8, 0.041713, 2, 2, 0.9510, 0.5490
10, 0.8, 0.034351, 2, 2, 0.9520, 0.5170, 0.0740
10, 0.8, 0.042532, 5, 3, 0.4430
10, 0.9, 0.030000, 3, 2, 0.8900, 0.9660
10, 0.9, 0.032558, 3, 2, 0.3730, 0.4890, 0.6310
10, 0.9, 0.028284, 6, 3, 0.6460
10, 0.9, 0.029665, 6, 3, 0.4590, 0.2130
10, 0.9, 0.025298, 6, 3, 0.5770, 0.6220, 0.2300
10, 0.9, 0.033466, 7, 3, 0.3730
10, 0.9, 0.028284, 7, 3, 0.4160, 0.9380
10, 0.9, 0.022804, 7, 3, 0.4910, 0.8630, 0.4570
10, 0.9, 0.010000, 8, 3, 0.1920
10, 0.9, 0.018974, 8, 3, 0.2300, 0.1980
