 9, 0.1, 0.012649, 1, 3, 0.1280
 9, 0.1, 0.011832, 1, 3, 0.0520, 0.7860
 9, 0.1, 0.008944, 1, 3, 0.0430, 0.0520, 0.7060
 9, 0.1, 0.008944, 1, 4, 0.8940, 0.3440
 9, 0.1, 0.014142, 1, 4, 0.4750, 0.5470, 0.2490
 9, 0.1, 0.011832, 2, 4, 0.5090
 9, 0.1, 0.014832, 2, 4, 0.0470, 0.9780
 9, 0.1, 0.007746, 2, 4, 0.1170, 0.2640, 0.4770
 9, 0.1, 0.014832, 2, 5, 0.9730, 0.5620, 0.1240
 9, 0.1, 0.014142, 3, 4, 0.0720, 0.0160, 0.7140
 9, 0.2, 0.013416, 1, 2, 0.1300
 9, 0.2, 0.013416, 1, 2, 0.0360, 0.2820
 9, 0.2, 0.016733, 1, 2, 0.1810, 0.4240, 0.9660
 9, 0.2, 0.017889, 2, 3, 0.8760, 0.2020
 9, 0.2, 0.013416, 2, 3, 0.2690, 0.3290, 0.0960
 9, 0.2, 0.036056, 5, 5, 0.2910
 9, 0.2, 0.021909, 5, 5, 0.2600, 0.0350
 9, 0.2, 0.032558, 5, 5, 0.0300, 0.4500, 0.6100
 9, 0.2, 0.041821, 6, 5, 0.0330, 0.0220
 9, 0.2, 0.044272, 6, 5, 0.0950, 0.0670, 0.3240
 9, 0.3, 0.042661, 4, 4, 0.2070
 9, 0.3, 0.039243, 4, 4, 0.0150, 0.4090
 9, 0.3, 0.055317, 4, 4, 0.1510, 0.1910, 0.1320
 9, 0.3, 0.022361, 5, 5, 0.5270, 0.2610
 9, 0.3, 0.042426, 5, 5, 0.8300, 0.2110, 0.1590
 9, 0.3, 0.050398, 6, 5, 0.3550, 0.1830, 0.6620
 9, 0.3, 0.036332, 7, 5, 0.2300
 9, 0.3, 0.046043, 7, 5, 0.1520, 0.1050
 9, 0.3, 0.047000, 7, 5, 0.0560, 0.1550, 0.9040
 9, 0.3, 0.036878, 8, 6, 0.9840
 9, 0.4, 0.047329, 4, 4, 0.6300
 9, 0.4, 0.038846, 4, 4, 0.2910, 0.4760
 9, 0.4, 0.036606, 4, 4, 0.3720, 0.2420, 0.2420
 9, 0.4, 0.036180, 7, 5, 0.8490
 9, 0.4, 0.043818, 7, 5, 0.1500, 0.6530
 9, 0.4, 0.039611, 7, 5, 0.3530, 0.1380, 0.5400
 9, 0.4, 0.041952, 8, 5, 0.2140
 9, 0.4, 0.046690, 8, 5, 0.0600, 0.2560
 9, 0.4, 0.050000, 8, 5, 0.1840, 0.0680, 0.1300
 9, 0.4, 0.032558, 4, 4, 0.8750
 9, 0.5, 0.059237, 3, 3, 0.3080
 9, 0.5, 0.050596, 3, 3, 0.3500, 0.1700
 9, 0.5, 0.047329, 3, 3, 0.3070, 0.9230, 0.9120
 9, 0.5, 0.028284, 5, 4, 0.9120
 9, 0.5, 0.040988, 5, 4, 0.2630, 0.9540
 9, 0.5, 0.035496, 5, 4, 0.2020, 0.4630, 0.2850
 9, 0.5, 0.032863, 6, 4, 0.1490
 9, 0.5, 0.042895, 6, 4, 0.1250, 0.0370
 9, 0.5, 0.048580, 6, 4, 0.2100, 0.2380, 0.3940
 9, 0.5, 0.035214, 7, 4, 0.0390
 9, 0.6, 0.041952, 7, 4, 0.6210
 9, 0.6, 0.039497, 7, 4, 0.1130, 0.6820
 9, 0.6, 0.049598, 7, 4, 0.2780, 0.1930, 0.3760
 9, 0.6, 0.037802, 8, 4, 0.2540
 9, 0.6, 0.060332, 8, 4, 0.2250, 0.0370
 9, 0.6, 0.050685, 8, 4, 0.2690, 0.0450, 0.4550
 9, 0.6, 0.030332, 6, 4, 0.5300, 0.4660
 9, 0.6, 0.051381, 6, 4, 0.4230, 0.5210, 0.6350
 9, 0.6, 0.046476, 7, 4, 0.5780
 9, 0.6, 0.044721, 7, 4, 0.6730, 0.0850
 9, 0.7, 0.036056, 2, 2, 0.3290
 9, 0.7, 0.044272, 2, 2, 0.6390, 0.7700
 9, 0.7, 0.050794, 2, 2, 0.7020, 0.1000, 0.4560
 9, 0.7, 0.055136, 4, 3, 0.1910
 9, 0.7, 0.036332, 4, 3, 0.1800, 0.6010
 9, 0.7, 0.051662, 4, 3, 0.9550, 0.2940, 0.5360
 9, 0.7, 0.042895, 5, 3, 0.0340, 0.9900
 9, 0.7, 0.045387, 5, 3, 0.0930, 0.4870, 0.1600
 9, 0.7, 0.039497, 8, 4, 0.1850, 0.9790
 9, 0.7, 0.037148, 8, 4, 0.5100, 0.2410, 0.7170
 9, 0.8, 0.022804, 5, 3, 0.2630
 9, 0.8, 0.030150, 5, 3, 0.4560, 0.9520
 9, 0.8, 0.033764, 5, 3, 0.6740, 0.2540, 0.2650
 9, 0.8, 0.029138, 6, 3, 0.0650
 9, 0.8, 0.031765, 6, 3, 0.1660, 0.3390
 9, 0.8, 0.040608, 6, 3, 0.4170, 0.3750, 0.3570
 9, 0.8, 0.047212, 7, 3, 0.1910, 0.9890
 9, 0.8, 0.053479, 7, 3, 0.9440, 0.4850, 0.9360
 9, 0.8, 0.030984, 2, 2, 0.9600, 0.4120
 9, 0.8, 0.048052, 2, 2, 0.8960, 0.7270, 0.1590
 9, 0.9, 0.031765, 3, 2, 0.8140, 0.9790
 9, 0.9, 0.022361, 3, 2, 0.5610, 0.8630, 0.4040
 9, 0.9, 0.022361, 6, 3, 0.5350, 0.5260
 9, 0.9, 0.031937, 6, 3, 0.7650, 0.2380, 0.1000
 9, 0.9, 0.017889, 7, 3, 0.8270
 9, 0.9, 0.025690, 7, 3, 0.5500, 0.9660
 9, 0.9, 0.032863, 7, 3, 0.5290, 0.6190, 0.0420
 9, 0.9, 0.031765, 8, 3, 0.4610
 9, 0.9, 0.029665, 8, 3, 0.3110, 0.3380
 9, 0.9, 0.017321, 8, 3, 0.8600, 0.6280, 0.6320
