14, 0.0, 0.000000, 1, 14, 0.0
14, 0.0, 0.000000, 1, 14, 0.0
14, 0.0, 0.000000, 1, 14, 0.0
14, 0.0, 0.000000, 1, 14, 0.0
14, 0.0, 0.000000, 1, 14, 0.0
14, 0.0, 0.000000, 1, 14, 0.0
14, 0.0, 0.000000, 1, 14, 0.0
14, 0.0, 0.000000, 1, 14, 0.0
14, 0.0, 0.000000, 1, 14, 0.0
14, 0.0, 0.000000, 1, 14, 0.0
14, 0.1, 0.010954, 1, 4, 0.9635
14, 0.1, 0.004472, 1, 4, 0.2465, 0.4877
14, 0.1, 0.010000, 1, 4, 0.2401, 0.1051, 0.8307
14, 0.1, 0.007746, 1, 5, 0.7528, 0.5118
14, 0.1, 0.006325, 1, 5, 0.9921, 0.3027, 0.7419
14, 0.1, 0.013416, 2, 4, 0.0128, 0.0921
14, 0.1, 0.007746, 2, 4, 0.0036, 0.1023, 0.9179
14, 0.1, 0.006325, 2, 5, 0.6241, 0.2778
14, 0.1, 0.007746, 2, 5, 0.1601, 0.6057, 0.6506
14, 0.1, 0.006325, 2, 6, 0.7300, 0.6766, 0.2280
14, 0.2, 0.018138, 1, 2, 0.0112
14, 0.2, 0.013416, 2, 3, 0.3089
14, 0.2, 0.020494, 2, 3, 0.1652, 0.9705
14, 0.2, 0.017889, 2, 3, 0.3877, 0.0177, 0.2179
14, 0.2, 0.017889, 3, 4, 0.3945, 0.6669
14, 0.2, 0.012649, 3, 4, 0.3745, 0.3721, 0.7218
14, 0.2, 0.018439, 5, 5, 0.2021
14, 0.2, 0.025690, 5, 5, 0.0502, 0.1539, 0.9415
14, 0.2, 0.021448, 6, 6, 0.6420
14, 0.2, 0.027203, 6, 6, 0.3032, 0.1862
14, 0.3, 0.037000, 4, 4, 0.2357
14, 0.3, 0.043818, 4, 4, 0.0247, 0.3857
14, 0.3, 0.036606, 4, 4, 0.2896, 0.0320, 0.2512
14, 0.3, 0.038210, 5, 5, 0.5141, 0.2325
14, 0.3, 0.034641, 5, 5, 0.7526, 0.2263, 0.9781
14, 0.3, 0.049598, 6, 5, 0.0430
14, 0.3, 0.048260, 6, 5, 0.1183, 0.0099, 0.7780
14, 0.3, 0.028443, 7, 6, 0.3221, 0.5507
14, 0.3, 0.041097, 7, 6, 0.9261, 0.0991, 0.9767
14, 0.3, 0.033466, 8, 6, 0.2856, 0.7608
14, 0.4, 0.026458, 3, 3, 0.0796, 0.1270
14, 0.4, 0.029665, 3, 3, 0.0553, 0.4432, 0.5991
14, 0.4, 0.048052, 4, 4, 0.8002
14, 0.4, 0.028284, 4, 4, 0.6487, 0.0763
14, 0.4, 0.044497, 4, 4, 0.7515, 0.2792, 0.7905
14, 0.4, 0.042767, 6, 5, 0.1213, 0.4512
14, 0.4, 0.041340, 6, 5, 0.1447, 0.2631, 0.8648
14, 0.4, 0.031448, 7, 5, 0.0871
14, 0.4, 0.036729, 7, 5, 0.0170, 0.1362
14, 0.4, 0.064498, 7, 5, 0.0617, 0.1512, 0.5541
14, 0.5, 0.042190, 3, 3, 0.4098
14, 0.5, 0.037417, 3, 3, 0.4725, 0.9833
14, 0.5, 0.027203, 3, 3, 0.8789, 0.1238, 0.5864
14, 0.5, 0.048374, 5, 4, 0.1268
14, 0.5, 0.059161, 5, 4, 0.0920, 0.3266, 0.8842
14, 0.5, 0.047329, 6, 4, 0.2601, 0.0243, 0.7679
14, 0.5, 0.027568, 7, 5, 0.2043, 0.4236
14, 0.5, 0.060000, 7, 5, 0.2104, 0.9954, 0.0880
14, 0.5, 0.048580, 8, 5, 0.2553, 0.9348
14, 0.5, 0.048580, 8, 5, 0.4370, 0.1032, 0.9724
14, 0.6, 0.046787, 2, 2, 0.1519, 0.2772
14, 0.6, 0.034928, 2, 2, 0.2817, 0.5017, 0.2351
14, 0.6, 0.043589, 5, 4, 0.6033
14, 0.6, 0.028443, 5, 4, 0.3953, 0.6519
14, 0.6, 0.052536, 5, 4, 0.2266, 0.3854, 0.3645
14, 0.6, 0.043818, 6, 4, 0.0591, 0.9644
14, 0.6, 0.046476, 6, 4, 0.2906, 0.1148, 0.5012
14, 0.6, 0.024495, 7, 4, 0.0639, 0.0149
14, 0.6, 0.039102, 7, 4, 0.2625, 0.0418, 0.6619
14, 0.6, 0.045924, 8, 5, 0.5826
14, 0.7, 0.020494, 2, 2, 0.5406
14, 0.7, 0.033302, 2, 2, 0.6244, 0.7023
14, 0.7, 0.033466, 2, 2, 0.4778, 0.6601, 0.9319
14, 0.7, 0.025080, 4, 3, 0.1724, 0.3606
14, 0.7, 0.041952, 4, 3, 0.0630, 0.9851, 0.5213
14, 0.7, 0.036606, 6, 4, 0.9517
14, 0.7, 0.026833, 6, 4, 0.2037, 0.4734
14, 0.7, 0.047117, 6, 4, 0.6674, 0.1961, 0.6888
14, 0.7, 0.044497, 7, 4, 0.2881
14, 0.7, 0.035623, 7, 4, 0.0308, 0.6339
14, 0.8, 0.031765, 5, 3, 0.2008
14, 0.8, 0.039611, 5, 3, 0.2386, 0.4636
14, 0.8, 0.032249, 5, 3, 0.0379, 0.8214, 0.8617
14, 0.8, 0.028443, 6, 3, 0.0471, 0.7155
14, 0.8, 0.035214, 6, 3, 0.9954, 0.0887, 0.9301
14, 0.8, 0.024900, 7, 4, 0.7568, 0.2347
14, 0.8, 0.050596, 7, 4, 0.9648, 0.2659, 0.0358
14, 0.8, 0.036606, 8, 4, 0.9959
14, 0.8, 0.032558, 8, 4, 0.3593, 0.3189
14, 0.8, 0.028792, 8, 4, 0.9826, 0.0667, 0.4926
14, 0.9, 0.025298, 3, 2, 0.1214
14, 0.9, 0.019494, 3, 2, 0.3883, 0.1906
14, 0.9, 0.017889, 3, 2, 0.2200, 0.4475, 0.4483
14, 0.9, 0.017889, 6, 3, 0.8361
14, 0.9, 0.024083, 6, 3, 0.3304, 0.5384
14, 0.9, 0.029665, 6, 3, 0.4071, 0.9845, 0.3923
14, 0.9, 0.034191, 7, 3, 0.3577, 0.8644
14, 0.9, 0.030480, 7, 3, 0.2574, 0.7818, 0.1869
14, 0.9, 0.018439, 8, 3, 0.0597
14, 0.9, 0.037683, 8, 3, 0.1660, 0.5693
