20, 0.1, 0.010000, 1, 4, 0.2240
20, 0.1, 0.008944, 1, 4, 0.0440, 0.1630
20, 0.1, 0.008944, 1, 4, 0.0140, 0.0640, 0.1060
20, 0.1, 0.007746, 1, 5, 0.6950
20, 0.1, 0.013416, 1, 5, 0.2600, 0.5780
20, 0.1, 0.008944, 1, 5, 0.0240, 0.9500, 0.4630
20, 0.1, 0.008944, 1, 6, 0.6380, 0.5120
20, 0.1, 0.012649, 1, 6, 0.9310, 0.2870, 0.1850
20, 0.1, 0.007746, 1, 7, 0.9530, 0.6830, 0.3560
20, 0.1, 0.010000, 2, 4, 0.0110, 0.0460
20, 0.2, 0.014142, 1, 3, 0.8400, 0.4450
20, 0.2, 0.017321, 1, 3, 0.6780, 0.8280, 0.9540
20, 0.2, 0.011358, 2, 3, 0.2700
20, 0.2, 0.022804, 2, 3, 0.0370, 0.3660
20, 0.2, 0.018439, 2, 3, 0.0620, 0.2180, 0.0390
20, 0.2, 0.014832, 2, 4, 0.8800, 0.8790, 0.3560
20, 0.2, 0.023664, 3, 4, 0.6020
20, 0.2, 0.022804, 3, 4, 0.4930, 0.1020
20, 0.2, 0.013416, 3, 4, 0.1790, 0.1920, 0.2030
20, 0.2, 0.020494, 4, 5, 0.9670, 0.9870
20, 0.3, 0.024900, 1, 2, 0.4920, 0.7230
20, 0.3, 0.019494, 1, 2, 0.7710, 0.2560, 0.6600
20, 0.3, 0.031623, 4, 4, 0.2850
20, 0.3, 0.047539, 4, 4, 0.0220, 0.5290
20, 0.3, 0.028636, 4, 4, 0.1280, 0.1250, 0.0210
20, 0.3, 0.023854, 5, 5, 0.9000
20, 0.3, 0.024900, 5, 5, 0.3400, 0.3010
20, 0.3, 0.020000, 5, 5, 0.2560, 0.5770, 0.0740
20, 0.3, 0.035777, 6, 5, 0.0310
20, 0.3, 0.031937, 6, 5, 0.0100, 0.0350, 0.0990
20, 0.4, 0.043359, 3, 3, 0.0440
20, 0.4, 0.032558, 3, 3, 0.0360, 0.4500
20, 0.4, 0.030000, 3, 3, 0.1360, 0.2470, 0.2630
20, 0.4, 0.036332, 4, 4, 0.8550
20, 0.4, 0.034191, 4, 4, 0.9370, 0.0750
20, 0.4, 0.057096, 4, 4, 0.2270, 0.3580, 0.3130
20, 0.4, 0.053852, 6, 5, 0.2520
20, 0.4, 0.040853, 6, 5, 0.0400, 0.5060
20, 0.4, 0.042426, 6, 5, 0.1210, 0.0730, 0.0520
20, 0.4, 0.047212, 7, 5, 0.1050
20, 0.5, 0.041231, 3, 3, 0.8940
20, 0.5, 0.023664, 3, 3, 0.3720, 0.1560
20, 0.5, 0.024678, 3, 3, 0.3650, 0.4960, 0.5070
20, 0.5, 0.040497, 5, 4, 0.1660
20, 0.5, 0.056569, 5, 4, 0.1520, 0.0250
20, 0.5, 0.056391, 5, 4, 0.1270, 0.2160, 0.4430
20, 0.5, 0.030659, 6, 5, 0.8860, 0.1080
20, 0.5, 0.059666, 6, 5, 0.9140, 0.0810, 0.2540
20, 0.5, 0.051769, 7, 5, 0.1020, 0.6210
20, 0.5, 0.049396, 7, 5, 0.1430, 0.1540, 0.0640
20, 0.6, 0.035214, 2, 2, 0.2310, 0.5090
20, 0.6, 0.027000, 2, 2, 0.1710, 0.9880, 0.2170
20, 0.6, 0.024678, 5, 4, 0.8140
20, 0.6, 0.042426, 5, 4, 0.3380, 0.1980
20, 0.6, 0.028089, 5, 4, 0.8980, 0.2220, 0.9280
20, 0.6, 0.027000, 6, 4, 0.1830
20, 0.6, 0.038471, 6, 4, 0.0900, 0.0990
20, 0.6, 0.057096, 6, 4, 0.1040, 0.3460, 0.8540
20, 0.6, 0.040249, 7, 4, 0.0340, 0.0810, 0.9340
20, 0.6, 0.034351, 7, 5, 0.5950, 0.7330
20, 0.7, 0.032558, 2, 2, 0.5330
20, 0.7, 0.029816, 2, 2, 0.5790, 0.5490
20, 0.7, 0.034641, 2, 2, 0.5730, 0.9440, 0.2530
20, 0.7, 0.042532, 4, 3, 0.2760, 0.9490
20, 0.7, 0.035214, 4, 3, 0.2120, 0.6890, 0.6430
20, 0.7, 0.043359, 5, 3, 0.3530, 0.0930, 0.7620
20, 0.7, 0.024083, 5, 4, 0.9230, 0.5790
20, 0.7, 0.033466, 5, 4, 0.4900, 0.6560, 0.4240
20, 0.7, 0.047958, 6, 4, 0.9160
20, 0.7, 0.051662, 6, 4, 0.3400, 0.3660
20, 0.8, 0.026077, 4, 3, 0.6480, 0.2560
20, 0.8, 0.028983, 4, 3, 0.9170, 0.8130, 0.9120
20, 0.8, 0.051962, 5, 3, 0.2390
20, 0.8, 0.026833, 5, 3, 0.3180, 0.7580
20, 0.8, 0.030000, 5, 3, 0.6290, 0.1670, 0.3320
20, 0.8, 0.035214, 6, 3, 0.0630, 0.0320, 0.1110
20, 0.8, 0.026077, 7, 4, 0.3550, 0.7880
20, 0.8, 0.040988, 7, 4, 0.2560, 0.5170, 0.3590
20, 0.8, 0.040608, 8, 4, 0.4330
20, 0.8, 0.046043, 8, 4, 0.1390, 0.4190
20, 0.9, 0.036056, 3, 2, 0.4870, 0.5320
20, 0.9, 0.034059, 3, 2, 0.2840, 0.2320, 0.3020
20, 0.9, 0.028284, 4, 2, 0.2170, 0.6880
20, 0.9, 0.034641, 4, 2, 0.1750, 0.7500, 0.0160
20, 0.9, 0.026833, 6, 3, 0.7540
20, 0.9, 0.036606, 6, 3, 0.3310, 0.1250
20, 0.9, 0.025690, 6, 3, 0.4130, 0.4670, 0.2660
20, 0.9, 0.036606, 7, 3, 0.1900, 0.0490
20, 0.9, 0.024900, 7, 3, 0.9740, 0.1860, 0.8690
20, 0.9, 0.020494, 8, 3, 0.0130, 0.9040
