15, 0.1, 0.010000, 1, 4, 0.0590, 0.3630
15, 0.1, 0.010000, 1, 4, 0.0860, 0.1190, 0.2270
15, 0.1, 0.010954, 1, 5, 0.9070, 0.5080
15, 0.1, 0.010954, 1, 5, 0.4290, 0.8950, 0.9790
15, 0.1, 0.008944, 1, 6, 0.8830, 0.6970, 0.3880
15, 0.1, 0.008944, 2, 4, 0.0810
15, 0.1, 0.007746, 2, 4, 0.1140, 0.0170
15, 0.1, 0.008944, 2, 4, 0.0400, 0.0170, 0.1290
15, 0.1, 0.008944, 2, 5, 0.4400, 0.9600
15, 0.1, 0.010000, 2, 5, 0.3630, 0.9330, 0.0360
15, 0.2, 0.017000, 1, 2, 0.0110, 0.0170, 0.0360
15, 0.2, 0.017321, 2, 3, 0.2720
15, 0.2, 0.022361, 2, 3, 0.1360, 0.6360
15, 0.2, 0.024083, 2, 3, 0.6190, 0.1100, 0.9880
15, 0.2, 0.017889, 3, 4, 0.5570, 0.9350
15, 0.2, 0.021448, 3, 4, 0.0930, 0.4560, 0.5280
15, 0.2, 0.020000, 5, 5, 0.1590, 0.0290
15, 0.2, 0.024495, 5, 5, 0.1180, 0.0520, 0.6420
15, 0.2, 0.022804, 6, 6, 0.5480
15, 0.2, 0.021448, 6, 6, 0.2500, 0.1040
15, 0.3, 0.028443, 1, 2, 0.9150, 0.6570
15, 0.3, 0.024495, 1, 2, 0.5980, 0.8750, 0.6740
15, 0.3, 0.027568, 4, 4, 0.2500
15, 0.3, 0.040249, 4, 4, 0.0300, 0.3270
15, 0.3, 0.034928, 4, 4, 0.1660, 0.1360, 0.5330
15, 0.3, 0.040988, 5, 5, 0.5940
15, 0.3, 0.028983, 5, 5, 0.3320, 0.5650
15, 0.3, 0.028636, 5, 5, 0.2120, 0.5040, 0.1450
15, 0.3, 0.044721, 6, 5, 0.0300, 0.0150
15, 0.3, 0.046690, 7, 6, 0.4600, 0.0570
15, 0.4, 0.024900, 3, 3, 0.0580, 0.0860
15, 0.4, 0.026833, 3, 3, 0.1540, 0.4730, 0.8320
15, 0.4, 0.050000, 4, 4, 0.4550, 0.4840
15, 0.4, 0.036056, 4, 4, 0.5030, 0.1750, 0.0650
15, 0.4, 0.033166, 6, 5, 0.0680, 0.3400
15, 0.4, 0.061644, 6, 5, 0.1150, 0.5810, 0.0610
15, 0.4, 0.042190, 7, 5, 0.2290, 0.0490, 0.8990
15, 0.4, 0.048877, 7, 6, 0.6290, 0.2550
15, 0.4, 0.048466, 7, 6, 0.2660, 0.6310, 0.5770
15, 0.4, 0.048990, 8, 6, 0.9530
15, 0.5, 0.044272, 3, 3, 0.7190
15, 0.5, 0.034059, 3, 3, 0.4820, 0.2250
15, 0.5, 0.045826, 3, 3, 0.6570, 0.6280, 0.9680
15, 0.5, 0.030000, 5, 4, 0.1680
15, 0.5, 0.042895, 5, 4, 0.1080, 0.0400
15, 0.5, 0.040497, 5, 4, 0.5450, 0.0140, 0.7560
15, 0.5, 0.044944, 6, 5, 0.5810, 0.1720
15, 0.5, 0.037683, 6, 5, 0.1670, 0.8580, 0.3000
15, 0.5, 0.030000, 7, 5, 0.1310, 0.5990
15, 0.5, 0.042190, 7, 5, 0.1930, 0.2440, 0.6240
15, 0.6, 0.031623, 2, 2, 0.1770, 0.5700
15, 0.6, 0.055317, 2, 2, 0.0960, 0.3070, 0.1860
15, 0.6, 0.048785, 5, 4, 0.9820
15, 0.6, 0.046573, 5, 4, 0.2520, 0.9480
15, 0.6, 0.035496, 5, 4, 0.7360, 0.2000, 0.6880
15, 0.6, 0.048374, 6, 4, 0.1150, 0.0400
15, 0.6, 0.024083, 6, 4, 0.2370, 0.1580, 0.5190
15, 0.6, 0.032558, 7, 4, 0.1880, 0.1000, 0.7950
15, 0.6, 0.050596, 8, 5, 0.5070
15, 0.6, 0.027203, 8, 5, 0.4000, 0.6730
15, 0.7, 0.039357, 2, 2, 0.4070
15, 0.7, 0.047749, 2, 2, 0.7110, 0.8390
15, 0.7, 0.045044, 2, 2, 0.8370, 0.3230, 0.3830
15, 0.7, 0.033466, 4, 3, 0.3370
15, 0.7, 0.052915, 4, 3, 0.2030, 0.9890
15, 0.7, 0.050000, 4, 3, 0.3600, 0.5850, 0.7140
15, 0.7, 0.036056, 6, 4, 0.7030
15, 0.7, 0.054406, 6, 4, 0.2880, 0.9150
15, 0.7, 0.043000, 6, 4, 0.1350, 0.9580, 0.4210
15, 0.7, 0.058822, 7, 4, 0.0840, 0.4380
15, 0.8, 0.043463, 5, 3, 0.2170
15, 0.8, 0.016733, 5, 3, 0.3980, 0.9100
15, 0.8, 0.053479, 5, 3, 0.4930, 0.4830, 0.9500
15, 0.8, 0.022561, 6, 3, 0.0470, 0.8990
15, 0.8, 0.039243, 6, 3, 0.1100, 0.4070, 0.6320
15, 0.8, 0.042661, 7, 4, 0.7080, 0.6940
15, 0.8, 0.027203, 7, 4, 0.3440, 0.3990, 0.3080
15, 0.8, 0.041340, 8, 4, 0.9480
15, 0.8, 0.029816, 8, 4, 0.3420, 0.7790
15, 0.8, 0.036606, 8, 4, 0.1740, 0.7710, 0.5020
15, 0.9, 0.022361, 3, 2, 0.0670
15, 0.9, 0.036056, 3, 2, 0.0840, 0.0360
15, 0.9, 0.024083, 3, 2, 0.3550, 0.4170, 0.7440
15, 0.9, 0.023238, 6, 3, 0.9770
15, 0.9, 0.026833, 6, 3, 0.7800, 0.0160
15, 0.9, 0.039243, 6, 3, 0.4530, 0.4790, 0.4640
15, 0.9, 0.027203, 7, 3, 0.2870
15, 0.9, 0.016125, 7, 3, 0.1220, 0.2610
15, 0.9, 0.031937, 7, 3, 0.1740, 0.8110, 0.1910
15, 0.9, 0.037947, 8, 3, 0.1160, 0.3820
