30, 0.1, 0.007746, 1, 4, 0.0372977878, 0.0390089477, 0.0232874493
30, 0.1, 0.007746, 1, 5, 0.4187157222
30, 0.1, 0.008944, 1, 5, 0.0391321370, 0.2806285005
30, 0.1, 0.010954, 1, 5, 0.2403993580, 0.0931221446, 0.0174392114
30, 0.1, 0.008944, 1, 6, 0.8287018273
30, 0.1, 0.008944, 1, 6, 0.2689649284, 0.2488769892
30, 0.1, 0.006325, 1, 6, 0.1721684637, 0.2784526628, 0.2699357880
30, 0.1, 0.010000, 1, 7, 0.8239040286, 0.6959902355
30, 0.1, 0.012649, 1, 7, 0.0796248064, 0.5201547737, 0.1951380722
30, 0.1, 0.010954, 1, 8, 0.9853019396, 0.4149073788
30, 0.2, 0.016733, 1, 3, 0.7862504864, 0.1602965356
30, 0.2, 0.017889, 1, 3, 0.3337450339, 0.5607521016, 0.8559254871
30, 0.2, 0.014832, 2, 3, 0.1109421276
30, 0.2, 0.017321, 2, 3, 0.0152271689, 0.1631103535
30, 0.2, 0.020976, 3, 4, 0.2898326531
30, 0.2, 0.012649, 3, 4, 0.2431961561, 0.1128800958
30, 0.2, 0.021909, 3, 4, 0.1709729248, 0.1409805985, 0.8788880854
30, 0.2, 0.013416, 4, 5, 0.8266186611, 0.0130908185
30, 0.2, 0.020976, 4, 5, 0.0718829849, 0.9675218083, 0.0887221148
30, 0.2, 0.024495, 5, 5, 0.0993687355
30, 0.3, 0.019723, 1, 2, 0.4193771017
30, 0.3, 0.020000, 1, 2, 0.1833688395, 0.3304806160
30, 0.3, 0.023664, 1, 2, 0.0521250718, 0.6015002637, 0.8773142561
30, 0.3, 0.033466, 4, 4, 0.1217237520
30, 0.3, 0.023854, 4, 4, 0.0500710577, 0.3021732594
30, 0.3, 0.038471, 4, 4, 0.1370462571, 0.1050237127, 0.8865415615
30, 0.3, 0.029816, 5, 5, 0.7761298918
30, 0.3, 0.033764, 5, 5, 0.4479707363, 0.1079544955
30, 0.3, 0.035341, 5, 5, 0.4846468135, 0.0124544474, 0.1468801868
30, 0.3, 0.045387, 6, 5, 0.0925470275
30, 0.4, 0.044045, 3, 3, 0.0778969710, 0.3063999600
30, 0.4, 0.032249, 3, 3, 0.1486495055, 0.0106451697, 0.2035106523
30, 0.4, 0.028983, 4, 4, 0.8724965479
30, 0.4, 0.028089, 4, 4, 0.3540291716, 0.2634342368
30, 0.4, 0.025080, 4, 4, 0.1879650285, 0.4584137827, 0.2307672533
30, 0.4, 0.045607, 6, 5, 0.3001978934
30, 0.4, 0.028792, 6, 5, 0.0753044307, 0.3584825398
30, 0.4, 0.050990, 6, 5, 0.3080984502, 0.0346205325, 0.8688009120
30, 0.4, 0.038328, 7, 5, 0.0433333175
30, 0.4, 0.045826, 7, 5, 0.1204402328, 0.0252052645
30, 0.5, 0.029665, 3, 3, 0.3346430164, 0.8812966552
30, 0.5, 0.040249, 3, 3, 0.3006679198, 0.3925130704, 0.0637056476
30, 0.5, 0.049598, 5, 4, 0.1324168544
30, 0.5, 0.019494, 5, 4, 0.0395073361, 0.1905380742
30, 0.5, 0.037947, 5, 4, 0.0313532898, 0.3868862930, 0.9706446295
30, 0.5, 0.047958, 6, 4, 0.0363838844, 0.0261699028, 0.3918347556
30, 0.5, 0.049396, 6, 5, 0.3562270057, 0.4055579972
30, 0.5, 0.029665, 6, 5, 0.1670689296, 0.7511072979, 0.7472654781
30, 0.5, 0.042895, 7, 5, 0.1026803155, 0.6487608084
30, 0.5, 0.032696, 7, 5, 0.1464560275, 0.0751835440, 0.2393227810
30, 0.6, 0.036606, 2, 2, 0.2573197941, 0.9003915279
30, 0.6, 0.036878, 2, 2, 0.0706130214, 0.1087413054, 0.2943527576
30, 0.6, 0.062610, 5, 4, 0.8568120763
30, 0.6, 0.047117, 5, 4, 0.3697523832, 0.5338712872
30, 0.6, 0.058138, 5, 4, 0.0921397871, 0.8712714751, 0.5778647811
30, 0.6, 0.057524, 6, 4, 0.1962410333
30, 0.6, 0.046476, 6, 4, 0.2261857062, 0.1936473072, 0.6765738787
30, 0.6, 0.039102, 7, 4, 0.0141610994, 0.0463040429, 0.4579580674
30, 0.6, 0.040988, 7, 5, 0.6523938269, 0.7756692815
30, 0.6, 0.041952, 7, 5, 0.5922078840, 0.0516156436, 0.1975889647
30, 0.7, 0.044272, 2, 2, 0.7229423149, 0.8124190313
30, 0.7, 0.032249, 2, 2, 0.4817489592, 0.5909704899, 0.4188583078
30, 0.7, 0.051575, 4, 3, 0.1326365852, 0.1486349897
30, 0.7, 0.045607, 4, 3, 0.4294538588, 0.2731856083, 0.4555679853
30, 0.7, 0.060166, 6, 4, 0.5425648662
30, 0.7, 0.038210, 6, 4, 0.2502930146, 0.3915425819
30, 0.7, 0.034191, 6, 4, 0.9043966447, 0.1929297265, 0.9511403706
30, 0.7, 0.047958, 7, 4, 0.1182529632, 0.1829508430
30, 0.7, 0.035623, 7, 4, 0.0481066434, 0.3189076886, 0.1123317181
30, 0.7, 0.048166, 8, 4, 0.0540300175, 0.0123656610
30, 0.8, 0.036455, 5, 3, 0.1503098396
30, 0.8, 0.036878, 5, 3, 0.1699721717, 0.0311401344
30, 0.8, 0.036878, 5, 3, 0.0773778828, 0.9396945006, 0.6545352639
30, 0.8, 0.023431, 7, 4, 0.8012898788, 0.0810503913
30, 0.8, 0.020712, 7, 4, 0.1990316220, 0.6787521624, 0.0653787744
30, 0.8, 0.052048, 8, 4, 0.4275650554
30, 0.8, 0.045924, 8, 4, 0.2841349501, 0.2825625394
30, 0.8, 0.029479, 8, 4, 0.7771555783, 0.1181413085, 0.8598159648
30, 0.8, 0.037947, 9, 4, 0.2021609241, 0.0106091729
30, 0.8, 0.023664, 9, 4, 0.1573533354, 0.0435262274, 0.1632574146
30, 0.9, 0.040743, 3, 2, 0.0560477463
30, 0.9, 0.033466, 3, 2, 0.5236587690, 0.7783107943
30, 0.9, 0.024083, 3, 2, 0.4843459719, 0.4028461298, 0.3404682116
30, 0.9, 0.042190, 5, 3, 0.8625059235, 0.9632366537
30, 0.9, 0.028284, 5, 3, 0.5914202953, 0.4528994059, 0.2148645208
30, 0.9, 0.038730, 6, 3, 0.9113639272
30, 0.9, 0.029326, 6, 3, 0.2895277606, 0.0832002464
30, 0.9, 0.029665, 6, 3, 0.2675665468, 0.7776148215, 0.4735584659
30, 0.9, 0.026458, 7, 3, 0.1116159024
30, 0.9, 0.018439, 7, 3, 0.1836967680, 0.0205038438
