50, 0.0, 0.000000, 1, 50, 0.0
50, 0.0, 0.000000, 1, 50, 0.0
50, 0.0, 0.000000, 1, 50, 0.0
50, 0.0, 0.000000, 1, 50, 0.0
50, 0.0, 0.000000, 1, 50, 0.0
50, 0.0, 0.000000, 1, 50, 0.0
50, 0.0, 0.000000, 1, 50, 0.0
50, 0.0, 0.000000, 1, 50, 0.0
50, 0.0, 0.000000, 1, 50, 0.0
50, 0.0, 0.000000, 1, 50, 0.0
50, 0.1, 0.010954, 1, 5, 0.1035
50, 0.1, 0.010000, 1, 5, 0.0160, 0.0142
50, 0.1, 0.006325, 1, 6, 0.2535
50, 0.1, 0.014142, 1, 6, 0.0680, 0.1347
50, 0.1, 0.010000, 1, 6, 0.0349, 0.0509, 0.1195
50, 0.1, 0.006325, 1, 7, 0.9268
50, 0.1, 0.010954, 1, 7, 0.5772, 0.0238
50, 0.1, 0.010000, 1, 7, 0.3508, 0.0138, 0.0100
50, 0.1, 0.007746, 1, 8, 0.1925, 0.6768
50, 0.1, 0.008944, 1, 8, 0.1869, 0.0467, 0.6027
50, 0.2, 0.012649, 1, 3, 0.5629
50, 0.2, 0.014832, 1, 3, 0.1202, 0.3294
50, 0.2, 0.018439, 1, 3, 0.4391, 0.0856, 0.8919
50, 0.2, 0.018974, 2, 3, 0.0109
50, 0.2, 0.028636, 2, 4, 0.4726, 0.1617
50, 0.2, 0.016125, 2, 4, 0.4230, 0.9055, 0.0366
50, 0.2, 0.024495, 3, 4, 0.1396
50, 0.2, 0.023854, 3, 4, 0.0656, 0.0458
50, 0.2, 0.011832, 3, 4, 0.1492, 0.0940, 0.0172
50, 0.2, 0.014142, 3, 5, 0.7227, 0.1987
50, 0.3, 0.015492, 1, 2, 0.1781
50, 0.3, 0.026833, 1, 2, 0.0010, 0.8840
50, 0.3, 0.013416, 1, 2, 0.1374, 0.0179, 0.1026
50, 0.3, 0.023238, 2, 3, 0.2807, 0.6999
50, 0.3, 0.018439, 2, 3, 0.6105, 0.3627, 0.8691
50, 0.3, 0.032388, 4, 4, 0.1074, 0.1282
50, 0.3, 0.026249, 4, 4, 0.0400, 0.0928, 0.0145
50, 0.3, 0.018974, 5, 5, 0.3343, 0.0533
50, 0.3, 0.021190, 5, 5, 0.1218, 0.1280, 0.4169
50, 0.3, 0.025298, 6, 5, 0.0247, 0.0355
50, 0.4, 0.040000, 3, 3, 0.0741, 0.8282
50, 0.4, 0.024083, 3, 3, 0.1018, 0.1773, 0.4625
50, 0.4, 0.036056, 4, 4, 0.4667
50, 0.4, 0.033000, 4, 4, 0.2082, 0.9103
50, 0.4, 0.020224, 4, 4, 0.5471, 0.1488, 0.6998
50, 0.4, 0.032249, 6, 5, 0.0271, 0.7916
50, 0.4, 0.040000, 6, 5, 0.3007, 0.0035, 0.9610
50, 0.4, 0.047634, 7, 5, 0.1167
50, 0.4, 0.038588, 7, 5, 0.0517, 0.0277, 0.0112
50, 0.4, 0.033764, 7, 6, 0.3784, 0.8117
50, 0.5, 0.030984, 3, 3, 0.5664
50, 0.5, 0.026458, 3, 3, 0.3254, 0.5350
50, 0.5, 0.036606, 3, 3, 0.2867, 0.9580, 0.1710
50, 0.5, 0.030150, 5, 4, 0.1573, 0.1363, 0.9052
50, 0.5, 0.035777, 6, 5, 0.3287, 0.2848
50, 0.5, 0.053666, 6, 5, 0.3742, 0.4918, 0.9976
50, 0.5, 0.040497, 7, 5, 0.0213, 0.4022
50, 0.5, 0.058138, 7, 5, 0.4020, 0.0097, 0.7650
50, 0.5, 0.028284, 8, 5, 0.0914, 0.0135, 0.6858
50, 0.5, 0.035214, 9, 5, 0.0586, 0.0111
50, 0.6, 0.049193, 2, 2, 0.2284, 0.5908
50, 0.6, 0.054222, 2, 2, 0.1188, 0.5527, 0.0877
50, 0.6, 0.034641, 5, 4, 0.9643
50, 0.6, 0.042661, 5, 4, 0.2753, 0.2614
50, 0.6, 0.059237, 5, 4, 0.6705, 0.0402, 0.1892
50, 0.6, 0.043359, 6, 4, 0.1954
50, 0.6, 0.049598, 6, 4, 0.0115, 0.3442
50, 0.6, 0.052536, 6, 4, 0.0454, 0.3025, 0.9701
50, 0.6, 0.048166, 7, 4, 0.0309, 0.1512, 0.6275
50, 0.6, 0.051769, 7, 5, 0.5328, 0.9328
50, 0.7, 0.032249, 2, 2, 0.5348
50, 0.7, 0.037417, 2, 2, 0.6832, 0.9959
50, 0.7, 0.026077, 2, 2, 0.3918, 0.6142, 0.6325
50, 0.7, 0.037683, 4, 3, 0.1209
50, 0.7, 0.059833, 4, 3, 0.1478, 0.0005
50, 0.7, 0.042767, 4, 3, 0.0108, 0.9886, 0.8929
50, 0.7, 0.032863, 6, 4, 0.8431
50, 0.7, 0.047843, 6, 4, 0.4525, 0.1187
50, 0.7, 0.040853, 6, 4, 0.4016, 0.4031, 0.8383
50, 0.7, 0.032696, 7, 4, 0.2433
50, 0.8, 0.038588, 4, 3, 0.5777, 0.6202
50, 0.8, 0.027000, 4, 3, 0.6989, 0.4295, 0.4640
50, 0.8, 0.028443, 5, 3, 0.2525, 0.9766
50, 0.8, 0.050596, 5, 3, 0.1750, 0.4484, 0.1370
50, 0.8, 0.027568, 6, 3, 0.0115, 0.3680
50, 0.8, 0.029326, 6, 3, 0.2347, 0.2441, 0.9600
50, 0.8, 0.034191, 7, 4, 0.3962, 0.2337
50, 0.8, 0.025690, 7, 4, 0.3312, 0.3092, 0.2808
50, 0.8, 0.028284, 8, 4, 0.4866
50, 0.8, 0.035214, 8, 4, 0.1250, 0.9270
50, 0.9, 0.032249, 3, 2, 0.4037, 0.3126
50, 0.9, 0.036332, 3, 2, 0.6605, 0.2087, 0.6978
50, 0.9, 0.021448, 5, 3, 0.6430, 0.7493
50, 0.9, 0.022804, 5, 3, 0.8760, 0.3720, 0.4622
50, 0.9, 0.024495, 6, 3, 0.6185
50, 0.9, 0.015492, 6, 3, 0.4609, 0.0182
50, 0.9, 0.030000, 6, 3, 0.3218, 0.8792, 0.2150
50, 0.9, 0.033166, 7, 3, 0.0746
50, 0.9, 0.018974, 7, 3, 0.1969, 0.9888
50, 0.9, 0.034351, 7, 3, 0.3094, 0.5026, 0.7963
