 8, 0.1, 0.014142, 1, 3, 0.2540
 8, 0.1, 0.007746, 1, 3, 0.1570, 0.0820
 8, 0.1, 0.011832, 1, 3, 0.0600, 0.7530, 0.8910
 8, 0.1, 0.007746, 1, 4, 0.8890, 0.6840, 0.2300
 8, 0.1, 0.010000, 2, 4, 0.5000
 8, 0.1, 0.015492, 2, 4, 0.4750, 0.9320
 8, 0.1, 0.010000, 2, 4, 0.2740, 0.5200, 0.5400
 8, 0.1, 0.016125, 3, 4, 0.1440, 0.0300, 0.6010
 8, 0.1, 0.014832, 3, 5, 0.9310, 0.4750
 8, 0.1, 0.006325, 3, 5, 0.8120, 0.3850, 0.1470
 8, 0.2, 0.024269, 1, 2, 0.1850
 8, 0.2, 0.016733, 1, 2, 0.2240, 0.1680
 8, 0.2, 0.014832, 1, 2, 0.1030, 0.3650, 0.8480
 8, 0.2, 0.020000, 2, 3, 0.8830, 0.8960
 8, 0.2, 0.017321, 2, 3, 0.8720, 0.4500, 0.7240
 8, 0.2, 0.037947, 5, 5, 0.5920
 8, 0.2, 0.021448, 5, 5, 0.3710, 0.6700
 8, 0.2, 0.027568, 5, 5, 0.7770, 0.7590, 0.3650
 8, 0.2, 0.025690, 6, 5, 0.0930, 0.0270
 8, 0.2, 0.025298, 6, 5, 0.7950, 0.7680, 0.7640
 8, 0.3, 0.022804, 4, 4, 0.0360, 0.0610
 8, 0.3, 0.035903, 4, 4, 0.1070, 0.4890, 0.9720
 8, 0.3, 0.050990, 6, 5, 0.2630, 0.4150
 8, 0.3, 0.043589, 6, 5, 0.7480, 0.0260, 0.2170
 8, 0.3, 0.031765, 7, 5, 0.0440
 8, 0.3, 0.031937, 7, 5, 0.1830, 0.3910, 0.4230
 8, 0.3, 0.039243, 4, 4, 0.0870
 8, 0.3, 0.028089, 4, 4, 0.0170, 0.4640
 8, 0.3, 0.046690, 4, 4, 0.6800, 0.0920, 0.8880
 8, 0.3, 0.051575, 6, 5, 0.4880
 8, 0.4, 0.031937, 3, 3, 0.0370, 0.5710
 8, 0.4, 0.051274, 3, 3, 0.9660, 0.0640, 0.9890
 8, 0.4, 0.048260, 4, 4, 0.4840
 8, 0.4, 0.031448, 4, 4, 0.4010, 0.1940
 8, 0.4, 0.028089, 4, 4, 0.1940, 0.6940, 0.4030
 8, 0.4, 0.022113, 5, 4, 0.2950, 0.1900
 8, 0.4, 0.034059, 5, 4, 0.1080, 0.5300, 0.9310
 8, 0.4, 0.038210, 6, 4, 0.0530, 0.3460, 0.4230
 8, 0.4, 0.057446, 6, 5, 0.6910, 0.7540
 8, 0.4, 0.055498, 6, 5, 0.5730, 0.9690, 0.4060
 8, 0.5, 0.030659, 3, 3, 0.3360
 8, 0.5, 0.054037, 3, 3, 0.2830, 0.7860
 8, 0.5, 0.037683, 3, 3, 0.5840, 0.4910, 0.7970
 8, 0.5, 0.042426, 5, 4, 0.6890
 8, 0.5, 0.022804, 5, 4, 0.3750, 0.5150
 8, 0.5, 0.032558, 5, 4, 0.3470, 0.5950, 0.0910
 8, 0.5, 0.034351, 6, 4, 0.5710
 8, 0.5, 0.053104, 6, 4, 0.4130, 0.1620
 8, 0.5, 0.037802, 6, 4, 0.5960, 0.0770, 0.8980
 8, 0.5, 0.035214, 7, 4, 0.2930
 8, 0.6, 0.046476, 4, 3, 0.0680, 0.4020
 8, 0.6, 0.062040, 4, 3, 0.4690, 0.4270, 0.5370
 8, 0.6, 0.044272, 7, 4, 0.5790
 8, 0.6, 0.038471, 7, 4, 0.3030, 0.4870
 8, 0.6, 0.039749, 7, 4, 0.6680, 0.0180, 0.3470
 8, 0.6, 0.062290, 3, 3, 0.6070, 0.2700
 8, 0.6, 0.038328, 3, 3, 0.6960, 0.6060, 0.6330
 8, 0.6, 0.026077, 7, 4, 0.6450
 8, 0.6, 0.055136, 7, 4, 0.2220, 0.8440
 8, 0.6, 0.027928, 7, 4, 0.4010, 0.1050, 0.1870
 8, 0.7, 0.041952, 2, 2, 0.3410
 8, 0.7, 0.049598, 2, 2, 0.3430, 0.2370
 8, 0.7, 0.049193, 2, 2, 0.7510, 0.4700, 0.6540
 8, 0.7, 0.027568, 4, 3, 0.3540
 8, 0.7, 0.041097, 4, 3, 0.5030, 0.8900
 8, 0.7, 0.044822, 4, 3, 0.4050, 0.5570, 0.2500
 8, 0.7, 0.043463, 5, 3, 0.0700, 0.3650
 8, 0.7, 0.038730, 5, 3, 0.6000, 0.3490, 0.7210
 8, 0.7, 0.042426, 2, 2, 0.0270
 8, 0.7, 0.031937, 2, 2, 0.2570, 0.0880
 8, 0.8, 0.041821, 2, 2, 0.8390, 0.2260
 8, 0.8, 0.032078, 2, 2, 0.9050, 0.2090, 0.0520
 8, 0.8, 0.044272, 5, 3, 0.4560, 0.6160
 8, 0.8, 0.035214, 5, 3, 0.5450, 0.4260, 0.1760
 8, 0.8, 0.032863, 6, 3, 0.0950
 8, 0.8, 0.034351, 6, 3, 0.2940, 0.4650
 8, 0.8, 0.023431, 6, 3, 0.3690, 0.6620, 0.0130
 8, 0.8, 0.037947, 7, 3, 0.2390, 0.4740
 8, 0.8, 0.048672, 7, 3, 0.3070, 0.7940, 0.1860
 8, 0.8, 0.056569, 2, 2, 0.9460, 0.3410
 8, 0.9, 0.027568, 3, 2, 0.3910, 0.2000
 8, 0.9, 0.025690, 3, 2, 0.1360, 0.4900, 0.6290
 8, 0.9, 0.021909, 7, 3, 0.7250
 8, 0.9, 0.034351, 7, 3, 0.8040, 0.2270
 8, 0.9, 0.026077, 7, 3, 0.6430, 0.6630, 0.3270
 8, 0.9, 0.015780, 3, 2, 0.3540
 8, 0.9, 0.036455, 3, 2, 0.3670, 0.1570
 8, 0.9, 0.019494, 3, 2, 0.6250, 0.3730, 0.3910
 8, 0.9, 0.026627, 6, 3, 0.7610, 0.7990
 8, 0.9, 0.025298, 6, 3, 0.7940, 0.6460, 0.1610
