 5, 0.1, 0.006325, 1, 3, 0.9750, 0.4330
 5, 0.1, 0.011832, 1, 3, 0.7710, 0.6280, 0.4100
 5, 0.1, 0.021448, 3, 4, 0.3900
 5, 0.1, 0.010000, 3, 4, 0.0780, 0.0910
 5, 0.1, 0.014142, 3, 4, 0.3120, 0.0840, 0.0160
 5, 0.1, 0.023238, 4, 4, 0.9070
 5, 0.1, 0.013416, 4, 4, 0.7700, 0.4850
 5, 0.1, 0.020976, 4, 4, 0.2920, 0.0880, 0.8680
 5, 0.1, 0.010000, 1, 3, 0.9750, 0.4490
 5, 0.1, 0.006325, 1, 3, 0.8670, 0.5290, 0.0500
 5, 0.2, 0.008944, 1, 2, 0.7390, 0.6570
 5, 0.2, 0.020976, 1, 2, 0.9520, 0.8060, 0.0660
 5, 0.2, 0.016125, 2, 3, 0.8980, 0.3750
 5, 0.2, 0.026458, 4, 4, 0.1210, 0.0960, 0.0790
 5, 0.2, 0.026458, 1, 2, 0.8890, 0.1880
 5, 0.2, 0.010954, 1, 2, 0.9480, 0.6790, 0.3160
 5, 0.2, 0.023238, 2, 3, 0.8860, 0.4430
 5, 0.2, 0.017321, 2, 3, 0.9350, 0.6140, 0.2320
 5, 0.2, 0.018439, 1, 2, 0.6170, 0.2940
 5, 0.2, 0.011832, 1, 2, 0.8670, 0.4740, 0.1410
 5, 0.3, 0.037000, 3, 3, 0.0560, 0.6890
 5, 0.3, 0.068702, 3, 3, 0.3740, 0.4510, 0.4300
 5, 0.3, 0.043232, 4, 3, 0.1140, 0.2790, 0.4840
 5, 0.3, 0.046573, 3, 3, 0.0230, 0.6520
 5, 0.3, 0.031937, 3, 3, 0.4880, 0.0250, 0.6220
 5, 0.3, 0.036878, 4, 3, 0.2510, 0.7680, 0.4860
 5, 0.3, 0.030332, 3, 3, 0.0820, 0.7150
 5, 0.3, 0.026458, 3, 3, 0.3180, 0.5510, 0.3470
 5, 0.3, 0.032388, 3, 3, 0.8370, 0.0240, 0.7190
 5, 0.3, 0.040497, 4, 3, 0.2220, 0.2160, 0.5690
 5, 0.4, 0.034482, 3, 3, 0.3600, 0.9790
 5, 0.4, 0.042532, 3, 3, 0.3680, 0.4640, 0.2620
 5, 0.4, 0.038066, 3, 3, 0.2090, 0.6010
 5, 0.4, 0.032696, 3, 3, 0.5020, 0.1270, 0.4140
 5, 0.4, 0.032388, 3, 3, 0.3250, 0.9460
 5, 0.4, 0.036056, 3, 3, 0.3410, 0.7800, 0.0570
 5, 0.4, 0.037537, 3, 3, 0.2730, 0.8700
 5, 0.4, 0.035496, 3, 3, 0.3180, 0.4110, 0.2280
 5, 0.4, 0.030332, 3, 3, 0.1310, 0.4680
 5, 0.4, 0.033897, 3, 3, 0.1430, 0.0990, 0.2740
 5, 0.5, 0.044045, 3, 3, 0.9230, 0.2220, 0.3810
 5, 0.5, 0.043359, 3, 3, 0.1980, 0.2410
 5, 0.5, 0.041231, 3, 3, 0.4400, 0.1220, 0.2400
 5, 0.5, 0.034928, 3, 3, 0.5140, 0.7710
 5, 0.5, 0.040988, 3, 3, 0.8190, 0.3110, 0.3920
 5, 0.5, 0.029138, 3, 3, 0.3870, 0.6090
 5, 0.5, 0.024495, 3, 3, 0.8570, 0.8970, 0.4990
 5, 0.5, 0.038210, 3, 3, 0.4960, 0.8170
 5, 0.5, 0.042426, 3, 3, 0.1970, 0.1150, 0.0850
 5, 0.5, 0.044497, 3, 3, 0.6460, 0.4210, 0.2840
 5, 0.6, 0.031937, 3, 3, 0.3730
 5, 0.6, 0.038987, 3, 3, 0.5850, 0.5370
 5, 0.6, 0.043359, 3, 3, 0.3730, 0.1120, 0.0350
 5, 0.6, 0.053479, 4, 3, 0.3680, 0.2390
 5, 0.6, 0.038328, 4, 3, 0.9660, 0.6280, 0.7020
 5, 0.6, 0.037947, 3, 3, 0.4270
 5, 0.6, 0.045826, 3, 3, 0.3980, 0.1130
 5, 0.6, 0.037000, 3, 3, 0.7370, 0.7010, 0.1100
 5, 0.6, 0.042661, 4, 3, 0.1690
 5, 0.6, 0.041473, 4, 3, 0.4150, 0.4390
 5, 0.7, 0.027000, 3, 3, 0.8260
 5, 0.7, 0.037148, 3, 3, 0.7620, 0.1690
 5, 0.7, 0.047329, 3, 3, 0.9120, 0.6820, 0.0410
 5, 0.7, 0.035496, 4, 3, 0.4640
 5, 0.7, 0.045486, 4, 3, 0.7920, 0.9460
 5, 0.7, 0.041473, 4, 3, 0.8500, 0.7080, 0.2500
 5, 0.7, 0.038588, 3, 3, 0.9780
 5, 0.7, 0.033466, 3, 3, 0.9570, 0.1330
 5, 0.7, 0.032863, 3, 3, 0.8920, 0.3480, 0.0230
 5, 0.7, 0.040608, 4, 3, 0.5590
 5, 0.8, 0.026833, 2, 2, 0.2920, 0.0470
 5, 0.8, 0.037417, 2, 2, 0.6900, 0.8280, 0.1070
 5, 0.8, 0.029138, 4, 3, 0.9890, 0.1040
 5, 0.8, 0.036878, 4, 3, 0.9440, 0.4880, 0.0360
 5, 0.8, 0.027928, 2, 2, 0.4250, 0.1040
 5, 0.8, 0.033000, 2, 2, 0.0270, 0.6280, 0.8650
 5, 0.8, 0.028443, 4, 3, 0.9250, 0.4950
 5, 0.8, 0.048877, 4, 3, 0.9890, 0.3060, 0.0420
 5, 0.8, 0.041231, 2, 2, 0.3800
 5, 0.8, 0.044497, 2, 2, 0.5560, 0.5860
 5, 0.9, 0.034351, 3, 2, 0.5680
 5, 0.9, 0.028284, 3, 2, 0.4500, 0.0140
 5, 0.9, 0.022361, 3, 2, 0.6820, 0.2700, 0.0170
 5, 0.9, 0.025298, 3, 2, 0.5350
 5, 0.9, 0.030659, 3, 2, 0.7290, 0.5840
 5, 0.9, 0.029326, 3, 2, 0.7880, 0.6710, 0.0170
 5, 0.9, 0.028284, 3, 2, 0.6590
 5, 0.9, 0.037947, 3, 2, 0.6260, 0.3000
 5, 0.9, 0.027203, 3, 2, 0.0720, 0.3300, 0.6030
 5, 0.9, 0.022804, 3, 2, 0.5130
