 4, 0.1, 0.014832, 1, 3, 0.6080, 0.3810, 0.4810
 4, 0.1, 0.013000, 2, 3, 0.9410
 4, 0.1, 0.011832, 2, 3, 0.0510, 0.8410
 4, 0.1, 0.010954, 2, 3, 0.0350, 0.8110, 0.3380
 4, 0.1, 0.007746, 3, 3, 0.0770, 0.9720
 4, 0.1, 0.010954, 1, 3, 0.6950, 0.3220, 0.7810
 4, 0.1, 0.007746, 2, 3, 0.1260, 0.8990
 4, 0.1, 0.010954, 2, 3, 0.0540, 0.7820, 0.0710
 4, 0.1, 0.012649, 1, 3, 0.4550, 0.6890, 0.5980
 4, 0.1, 0.008944, 2, 3, 0.8970
 4, 0.2, 0.020000, 1, 2, 0.6340, 0.5460, 0.9540
 4, 0.2, 0.017889, 2, 3, 0.7770, 0.5860, 0.4120
 4, 0.2, 0.024678, 3, 3, 0.2420, 0.9560, 0.6150
 4, 0.2, 0.020494, 1, 2, 0.5190, 0.6570, 0.7410
 4, 0.2, 0.037802, 3, 3, 0.7780
 4, 0.2, 0.026627, 3, 3, 0.0230, 0.6910
 4, 0.2, 0.017321, 3, 3, 0.8990, 0.1220, 0.3750
 4, 0.2, 0.016125, 1, 2, 0.9220, 0.4310, 0.5450
 4, 0.2, 0.014832, 2, 3, 0.6190, 0.5120, 0.4980
 4, 0.2, 0.023854, 3, 3, 0.7650
 4, 0.3, 0.038987, 3, 3, 0.5900, 0.6450
 4, 0.3, 0.021656, 3, 3, 0.7250, 0.5130, 0.5430
 4, 0.3, 0.043818, 3, 3, 0.6650
 4, 0.3, 0.040743, 3, 3, 0.9540, 0.5270
 4, 0.3, 0.028636, 3, 3, 0.8410, 0.6120, 0.0340
 4, 0.3, 0.038730, 3, 3, 0.5970
 4, 0.3, 0.054772, 3, 3, 0.7100, 0.7830
 4, 0.3, 0.020494, 3, 3, 0.8570, 0.8800, 0.6190
 4, 0.3, 0.031765, 3, 3, 0.7500, 0.7890
 4, 0.3, 0.026627, 3, 3, 0.7460, 0.1680, 0.6650
 4, 0.4, 0.042190, 3, 3, 0.4720
 4, 0.4, 0.045486, 3, 3, 0.4890, 0.2790
 4, 0.4, 0.046573, 3, 3, 0.2740, 0.2550, 0.4550
 4, 0.4, 0.051274, 3, 3, 0.2040, 0.3330
 4, 0.4, 0.052726, 3, 3, 0.0430, 0.2510, 0.6930
 4, 0.4, 0.024678, 3, 3, 0.4840
 4, 0.4, 0.044045, 3, 3, 0.6070, 0.3200
 4, 0.4, 0.029816, 3, 3, 0.3650, 0.1640, 0.2930
 4, 0.4, 0.030332, 3, 3, 0.4990, 0.1060
 4, 0.4, 0.044373, 3, 3, 0.2940, 0.2780, 0.0110
 4, 0.5, 0.034771, 3, 3, 0.0780, 0.0170
 4, 0.5, 0.033302, 3, 3, 0.0740, 0.0790, 0.2620
 4, 0.5, 0.045387, 3, 3, 0.0790, 0.0650, 0.1210
 4, 0.5, 0.039749, 3, 3, 0.0590
 4, 0.5, 0.036056, 3, 3, 0.1280, 0.0650
 4, 0.5, 0.038730, 3, 3, 0.1020, 0.0870, 0.0180
 4, 0.5, 0.035214, 3, 3, 0.0420
 4, 0.5, 0.032249, 3, 3, 0.0220, 0.1600, 0.0260
 4, 0.5, 0.032249, 3, 3, 0.8050, 0.0680, 0.9520
 4, 0.5, 0.039243, 3, 3, 0.0140, 0.0480
 4, 0.6, 0.042895, 2, 2, 0.5690, 0.8430
 4, 0.6, 0.037000, 2, 2, 0.6220, 0.7860, 0.2240
 4, 0.6, 0.036056, 3, 2, 0.3310, 0.6940
 4, 0.6, 0.048672, 3, 2, 0.5520, 0.8350, 0.1690
 4, 0.6, 0.027368, 2, 2, 0.3630, 0.6200
 4, 0.6, 0.033000, 2, 2, 0.4020, 0.5770, 0.5010
 4, 0.6, 0.057000, 3, 2, 0.2300, 0.7700, 0.4040
 4, 0.6, 0.030480, 2, 2, 0.6000, 0.8940
 4, 0.6, 0.054854, 2, 2, 0.2790, 0.8750, 0.7430
 4, 0.6, 0.031937, 3, 2, 0.2870, 0.6450
 4, 0.7, 0.037947, 2, 2, 0.4510, 0.4950
 4, 0.7, 0.019494, 2, 2, 0.6300, 0.5080, 0.9880
 4, 0.7, 0.031623, 3, 2, 0.2770, 0.3260
 4, 0.7, 0.039243, 3, 2, 0.3070, 0.5010, 0.1970
 4, 0.7, 0.054672, 2, 2, 0.3680, 0.4200
 4, 0.7, 0.034059, 2, 2, 0.8820, 0.8120, 0.9420
 4, 0.7, 0.049598, 3, 2, 0.1240, 0.3090
 4, 0.7, 0.030984, 3, 2, 0.7060, 0.8820, 0.0240
 4, 0.7, 0.030332, 2, 2, 0.2500, 0.3820
 4, 0.7, 0.031305, 2, 2, 0.9160, 0.3880, 0.8320
 4, 0.8, 0.028983, 2, 2, 0.9020, 0.8620
 4, 0.8, 0.042767, 2, 2, 0.6450, 0.0430, 0.8290
 4, 0.8, 0.038471, 3, 2, 0.0510
 4, 0.8, 0.034351, 3, 2, 0.4660, 0.3330
 4, 0.8, 0.040853, 3, 2, 0.6220, 0.5420, 0.2010
 4, 0.8, 0.029326, 2, 2, 0.0220
 4, 0.8, 0.033466, 2, 2, 0.8280, 0.7230
 4, 0.8, 0.037148, 2, 2, 0.6180, 0.4690, 0.2900
 4, 0.8, 0.031305, 3, 2, 0.2550, 0.1150
 4, 0.8, 0.034928, 3, 2, 0.1330, 0.3560, 0.3110
 4, 0.9, 0.022804, 2, 2, 0.6630, 0.3150
 4, 0.9, 0.031937, 2, 2, 0.2210, 0.1230, 0.5890
 4, 0.9, 0.026458, 3, 2, 0.9600, 0.6080
 4, 0.9, 0.031305, 3, 2, 0.1290, 0.7830, 0.7910
 4, 0.9, 0.042895, 2, 2, 0.6480, 0.2240
 4, 0.9, 0.028284, 2, 2, 0.4680, 0.1670, 0.3210
 4, 0.9, 0.029326, 3, 2, 0.4230
 4, 0.9, 0.015492, 3, 2, 0.0190, 0.4210, 0.6630
 4, 0.9, 0.037947, 2, 2, 0.0950, 0.2400, 0.9570
 4, 0.9, 0.036056, 3, 2, 0.8620, 0.4540
