40, 0.0, 0.000000, 1, 40, 0.0
40, 0.0, 0.000000, 1, 40, 0.0
40, 0.0, 0.000000, 1, 40, 0.0
40, 0.0, 0.000000, 1, 40, 0.0
40, 0.0, 0.000000, 1, 40, 0.0
40, 0.0, 0.000000, 1, 40, 0.0
40, 0.0, 0.000000, 1, 40, 0.0
40, 0.0, 0.000000, 1, 40, 0.0
40, 0.0, 0.000000, 1, 40, 0.0
40, 0.0, 0.000000, 1, 40, 0.0
40, 0.1, 0.010000, 1, 5, 0.1643
40, 0.1, 0.014142, 1, 5, 0.0755, 0.0922
40, 0.1, 0.011832, 1, 5, 0.0318, 0.0385, 0.0498
40, 0.1, 0.010954, 1, 6, 0.6116
40, 0.1, 0.007746, 1, 6, 0.0853, 0.2441, 0.0054
40, 0.1, 0.008944, 1, 7, 0.2756, 0.9170
40, 0.1, 0.004472, 1, 7, 0.0381, 0.3622, 0.2029
40, 0.1, 0.010000, 1, 8, 0.4055, 0.8391
40, 0.1, 0.008944, 1, 8, 0.5353, 0.0432, 0.9908
40, 0.1, 0.010000, 1, 9, 0.7781, 0.7445
40, 0.2, 0.018974, 1, 3, 0.4983
40, 0.2, 0.011832, 1, 3, 0.1585, 0.6572
40, 0.2, 0.017321, 1, 3, 0.4007, 0.0847, 0.9639
40, 0.2, 0.019209, 2, 3, 0.0312
40, 0.2, 0.013416, 2, 3, 0.0043, 0.0350
40, 0.2, 0.024083, 2, 3, 0.0440, 0.0185, 0.0045
40, 0.2, 0.014142, 2, 4, 0.3900, 0.7482
40, 0.2, 0.010954, 2, 4, 0.3578, 0.9975, 0.1332
40, 0.2, 0.020000, 3, 4, 0.2156
40, 0.2, 0.020000, 3, 4, 0.1211, 0.1476
40, 0.3, 0.018974, 1, 2, 0.2668
40, 0.3, 0.017000, 1, 2, 0.1017, 0.3514
40, 0.3, 0.032249, 1, 2, 0.0580, 0.1854, 0.0716
40, 0.3, 0.037537, 4, 4, 0.1359
40, 0.3, 0.019494, 4, 4, 0.0182, 0.1131, 0.6771
40, 0.3, 0.016733, 5, 5, 0.5635
40, 0.3, 0.034351, 5, 5, 0.2198, 0.3633
40, 0.3, 0.030000, 5, 5, 0.2977, 0.0164, 0.4464
40, 0.3, 0.048374, 6, 5, 0.0168
40, 0.3, 0.034059, 6, 5, 0.0117, 0.1082
40, 0.4, 0.035057, 3, 3, 0.0290, 0.8599
40, 0.4, 0.024900, 3, 3, 0.0814, 0.3280, 0.6305
40, 0.4, 0.033000, 4, 4, 0.7792
40, 0.4, 0.039749, 4, 4, 0.2415, 0.6422
40, 0.4, 0.029326, 4, 4, 0.3710, 0.2741, 0.7583
40, 0.4, 0.035057, 6, 5, 0.2746
40, 0.4, 0.039357, 6, 5, 0.1464, 0.2296
40, 0.4, 0.048166, 6, 5, 0.0565, 0.3296, 0.0123
40, 0.4, 0.035903, 7, 5, 0.1740
40, 0.4, 0.034059, 7, 5, 0.0300, 0.0526, 0.0365
40, 0.5, 0.046476, 3, 3, 0.3313, 0.1727
40, 0.5, 0.052726, 3, 3, 0.5526, 0.1519, 0.2879
40, 0.5, 0.032863, 5, 4, 0.1353
40, 0.5, 0.043000, 5, 4, 0.1599, 0.0151
40, 0.5, 0.055857, 5, 4, 0.2264, 0.0655, 0.4246
40, 0.5, 0.035496, 6, 5, 0.3691, 0.5278
40, 0.5, 0.040000, 6, 5, 0.5204, 0.0680, 0.6416
40, 0.5, 0.024083, 7, 5, 0.3353
40, 0.5, 0.036180, 7, 5, 0.0422, 0.5216
40, 0.5, 0.037947, 7, 5, 0.0174, 0.1816, 0.3242
40, 0.6, 0.042059, 2, 2, 0.0655
40, 0.6, 0.026833, 2, 2, 0.1419, 0.3098
40, 0.6, 0.052536, 2, 2, 0.0318, 0.2505, 0.0026
40, 0.6, 0.049598, 5, 4, 0.6688
40, 0.6, 0.064807, 5, 4, 0.2949, 0.6722
40, 0.6, 0.038987, 5, 4, 0.1907, 0.4928, 0.2063
40, 0.6, 0.063561, 6, 4, 0.0071, 0.9045
40, 0.6, 0.040988, 6, 4, 0.2180, 0.2163, 0.9462
40, 0.6, 0.040497, 7, 4, 0.0395
40, 0.6, 0.041473, 7, 4, 0.0234, 0.0015
40, 0.7, 0.030332, 2, 2, 0.5637, 0.5723
40, 0.7, 0.043692, 2, 2, 0.3286, 0.7972, 0.4749
40, 0.7, 0.029665, 4, 3, 0.1614
40, 0.7, 0.034928, 4, 3, 0.2549, 0.0385
40, 0.7, 0.044721, 4, 3, 0.0937, 0.9223, 0.3926
40, 0.7, 0.053479, 6, 4, 0.1248, 0.7286
40, 0.7, 0.045924, 6, 4, 0.0959, 0.6189, 0.3349
40, 0.7, 0.046573, 7, 4, 0.2501
40, 0.7, 0.051381, 7, 4, 0.0305, 0.2748
40, 0.7, 0.030984, 7, 4, 0.1286, 0.1677, 0.1944
40, 0.8, 0.043000, 4, 3, 0.6501, 0.1270
40, 0.8, 0.032863, 4, 3, 0.5467, 0.7262, 0.0331
40, 0.8, 0.035777, 5, 3, 0.2317
40, 0.8, 0.021448, 5, 3, 0.1938, 0.4248
40, 0.8, 0.042895, 5, 3, 0.2046, 0.0629, 0.0716
40, 0.8, 0.027731, 6, 3, 0.0303, 0.9104
40, 0.8, 0.030000, 6, 3, 0.3003, 0.1556, 0.9423
40, 0.8, 0.041473, 7, 4, 0.5907, 0.3044
40, 0.8, 0.043818, 7, 4, 0.3340, 0.4288, 0.4479
40, 0.8, 0.040249, 8, 4, 0.3783
40, 0.9, 0.020000, 3, 2, 0.5547, 0.8347
40, 0.9, 0.017889, 3, 2, 0.2979, 0.3575, 0.3785
40, 0.9, 0.021448, 6, 3, 0.3412, 0.1589
40, 0.9, 0.015492, 6, 3, 0.9614, 0.5595, 0.9607
40, 0.9, 0.023238, 7, 3, 0.1544
40, 0.9, 0.015492, 7, 3, 0.2361, 0.7905
40, 0.9, 0.028636, 7, 3, 0.2643, 0.4892, 0.5870
40, 0.9, 0.030984, 8, 3, 0.1175, 0.8729
40, 0.9, 0.025690, 8, 3, 0.6076, 0.1011, 0.5432
40, 0.9, 0.017321, 9, 3, 0.0011, 0.1151, 0.3765
