13, 0.0, 0.000000, 1, 13, 0.0
13, 0.0, 0.000000, 1, 13, 0.0
13, 0.0, 0.000000, 1, 13, 0.0
13, 0.0, 0.000000, 1, 13, 0.0
13, 0.0, 0.000000, 1, 13, 0.0
13, 0.0, 0.000000, 1, 13, 0.0
13, 0.0, 0.000000, 1, 13, 0.0
13, 0.0, 0.000000, 1, 13, 0.0
13, 0.0, 0.000000, 1, 13, 0.0
13, 0.0, 0.000000, 1, 13, 0.0
13, 0.3, 0.042059, 4, 4, 0.2028
13, 0.3, 0.034482, 4, 4, 0.1406, 0.1338
13, 0.3, 0.027000, 4, 4, 0.3452, 0.2034, 0.9471
13, 0.3, 0.035214, 5, 5, 0.7767
13, 0.3, 0.031937, 5, 5, 0.3262, 0.6242
13, 0.3, 0.036056, 5, 5, 0.6107, 0.1661, 0.7515
13, 0.3, 0.031129, 6, 5, 0.0459, 0.0125
13, 0.3, 0.047329, 6, 5, 0.1133, 0.0284, 0.4493
13, 0.3, 0.023238, 7, 6, 0.6126, 0.1747
13, 0.3, 0.056391, 7, 6, 0.2932, 0.8697, 0.5716
13, 0.4, 0.024083, 3, 3, 0.0618, 0.7718
13, 0.4, 0.047212, 3, 3, 0.0583, 0.4740, 0.7121
13, 0.4, 0.025298, 4, 4, 0.5082, 0.2497
13, 0.4, 0.051381, 4, 4, 0.4701, 0.4968, 0.9580
13, 0.4, 0.025690, 6, 5, 0.0556, 0.6827
13, 0.4, 0.032388, 6, 5, 0.1066, 0.5813, 0.8218
13, 0.4, 0.032558, 7, 5, 0.0546, 0.3595
13, 0.4, 0.030480, 7, 5, 0.0123, 0.2321, 0.0691
13, 0.4, 0.046787, 8, 5, 0.0463
13, 0.4, 0.056036, 8, 5, 0.0758, 0.1536, 0.7105
13, 0.5, 0.029326, 3, 3, 0.6416
13, 0.5, 0.038210, 3, 3, 0.3403, 0.2896
13, 0.5, 0.039243, 3, 3, 0.3198, 0.5875, 0.2737
13, 0.5, 0.049396, 5, 4, 0.2658
13, 0.5, 0.040000, 5, 4, 0.0927, 0.1208
13, 0.5, 0.040497, 6, 5, 0.7719, 0.3137
13, 0.5, 0.056569, 6, 5, 0.5002, 0.8316, 0.0347
13, 0.5, 0.044721, 7, 5, 0.4734
13, 0.5, 0.041952, 7, 5, 0.5311, 0.0377
13, 0.5, 0.044497, 7, 5, 0.1550, 0.9697, 0.4664
13, 0.6, 0.037417, 2, 2, 0.1936, 0.3378
13, 0.6, 0.049193, 2, 2, 0.0916, 0.4506, 0.4009
13, 0.6, 0.044497, 5, 4, 0.8960
13, 0.6, 0.042426, 5, 4, 0.2338, 0.6656
13, 0.6, 0.049396, 5, 4, 0.4998, 0.3652, 0.8030
13, 0.6, 0.040743, 6, 4, 0.1254, 0.0781
13, 0.6, 0.028792, 6, 4, 0.1105, 0.2056, 0.0090
13, 0.6, 0.042297, 7, 4, 0.0609, 0.2441, 0.8656
13, 0.6, 0.028284,10, 5, 0.7759, 0.0166
13, 0.6, 0.048785,10, 5, 0.5529, 0.2693, 0.7558
13, 0.7, 0.057793, 2, 2, 0.4690
13, 0.7, 0.042661, 2, 2, 0.7130, 0.8381
13, 0.7, 0.035777, 2, 2, 0.6870, 0.2822, 0.4455
13, 0.7, 0.045826, 4, 3, 0.1800
13, 0.7, 0.043359, 4, 3, 0.2704, 0.0399
13, 0.7, 0.028443, 4, 3, 0.3344, 0.5584, 0.7388
13, 0.7, 0.044272, 6, 4, 0.6541, 0.1771
13, 0.7, 0.036729, 6, 4, 0.3110, 0.3345, 0.2318
13, 0.7, 0.039862, 7, 4, 0.2846
13, 0.7, 0.058558, 7, 4, 0.2586, 0.1543
13, 0.8, 0.038066, 5, 3, 0.2281
13, 0.8, 0.036332, 5, 3, 0.3089, 0.9817
13, 0.8, 0.017578, 5, 3, 0.8874, 0.3829, 0.9159
13, 0.8, 0.041581, 6, 3, 0.0306, 0.0111
13, 0.8, 0.033166, 6, 3, 0.4559, 0.1094, 0.5321
13, 0.8, 0.024900, 7, 4, 0.8049, 0.7465
13, 0.8, 0.045166, 7, 4, 0.4869, 0.7735, 0.8093
13, 0.8, 0.029326, 8, 4, 0.7009
13, 0.8, 0.038987, 8, 4, 0.4128, 0.6868
13, 0.8, 0.028792, 8, 4, 0.3864, 0.7664, 0.6902
13, 0.9, 0.030984, 3, 2, 0.3225, 0.2116
13, 0.9, 0.028284, 3, 2, 0.2673, 0.5561, 0.8248
13, 0.9, 0.025865, 6, 3, 0.5259
13, 0.9, 0.024269, 6, 3, 0.5319, 0.8347
13, 0.9, 0.020494, 6, 3, 0.9085, 0.1937, 0.3890
13, 0.9, 0.024495, 7, 3, 0.2855
13, 0.9, 0.020494, 7, 3, 0.2986, 0.9857
13, 0.9, 0.034641, 7, 3, 0.9018, 0.4509, 0.7659
13, 0.9, 0.032558, 8, 3, 0.1098, 0.3784
13, 0.9, 0.023238, 8, 3, 0.2135, 0.7199, 0.7984
