 6, 0.0, 0.000000, 1, 6, 0.0000
 6, 0.0, 0.000000, 1, 6, 0.0000
 6, 0.0, 0.000000, 1, 6, 0.0000
 6, 0.0, 0.000000, 1, 6, 0.0000
 6, 0.0, 0.000000, 1, 6, 0.0000
 6, 0.0, 0.000000, 1, 6, 0.0000
 6, 0.0, 0.000000, 1, 6, 0.0000
 6, 0.0, 0.000000, 1, 6, 0.0000
 6, 0.0, 0.000000, 1, 6, 0.0000
 6, 0.0, 0.000000, 1, 6, 0.0000
 6, 0.1, 0.037417, 1, 6, 0.5406, 0.9451
 6, 0.1, 0.033764, 1, 6, 0.4574, 0.5484, 0.4441
 6, 0.1, 0.042426, 2, 6, 0.5914, 0.6039
 6, 0.1, 0.033166, 2, 6, 0.8474, 0.0981, 0.4239
 6, 0.1, 0.032863, 3, 6, 0.4872, 0.9671
 6, 0.1, 0.043818, 3, 6, 0.0051, 0.4798, 0.5080
 6, 0.1, 0.037148, 4, 6, 0.7921, 0.4036
 6, 0.1, 0.028284, 4, 6, 0.9886, 0.2296, 0.0688
 6, 0.1, 0.044045, 5, 6, 0.5983, 0.1243, 0.4293
 6, 0.1, 0.044598, 1, 6, 0.8832, 0.3786
 6, 0.2, 0.047749, 1, 6, 0.7416, 0.9795
 6, 0.2, 0.050398, 1, 6, 0.6240, 0.3849, 0.5881
 6, 0.2, 0.054955, 2, 6, 0.6752, 0.9590
 6, 0.2, 0.057096, 2, 6, 0.2346, 0.7795, 0.8612
 6, 0.2, 0.035214, 3, 6, 0.8286, 0.9867
 6, 0.2, 0.059833, 4, 6, 0.7798, 0.9841
 6, 0.2, 0.041713, 4, 6, 0.1358, 0.5452, 0.8476
 6, 0.2, 0.050794, 5, 6, 0.9055, 0.6109
 6, 0.2, 0.065727, 5, 6, 0.9192, 0.3456, 0.3689
 6, 0.2, 0.048990, 1, 6, 0.7803, 0.8360
 6, 0.3, 0.050200, 1, 5, 0.9659, 0.0040
 6, 0.3, 0.039357, 1, 5, 0.1117, 0.9716, 0.2607
 6, 0.3, 0.051468, 1, 5, 0.0124, 0.8337
 6, 0.3, 0.072664, 1, 5, 0.0034, 0.9300, 0.1366
 6, 0.3, 0.040000, 1, 5, 0.1236, 0.9023
 6, 0.3, 0.078613, 1, 5, 0.0850, 0.9770, 0.5876
 6, 0.3, 0.033166, 1, 5, 0.1554, 0.8906
 6, 0.3, 0.034351, 1, 5, 0.0067, 0.9715, 0.9778
 6, 0.3, 0.054772, 1, 5, 0.0360, 0.8956
 6, 0.3, 0.062201, 1, 5, 0.0247, 0.9754, 0.1978
 6, 0.4, 0.066030, 1, 5, 0.5412, 0.8970
 6, 0.4, 0.072250, 1, 5, 0.1120, 0.4339, 0.9753
 6, 0.4, 0.050794, 1, 5, 0.6921
 6, 0.4, 0.052345, 1, 5, 0.0811, 0.7347
 6, 0.4, 0.050596, 1, 5, 0.0391, 0.5332, 0.0427
 6, 0.4, 0.051274, 1, 5, 0.8000
 6, 0.4, 0.067231, 1, 5, 0.8923, 0.1127
 6, 0.4, 0.042895, 1, 5, 0.0206, 0.6391, 0.7041
 6, 0.4, 0.041821, 1, 5, 0.6927
 6, 0.4, 0.071694, 1, 5, 0.6802, 0.0159
 6, 0.5, 0.046690, 1, 4, 0.0164, 0.0286, 0.8049
 6, 0.5, 0.045387, 1, 5, 0.3777, 0.1538
 6, 0.5, 0.058822, 1, 5, 0.5015, 0.1116, 0.2958
 6, 0.5, 0.103441, 2, 5, 0.8168
 6, 0.5, 0.075631, 2, 5, 0.0291, 0.9849
 6, 0.5, 0.060992, 2, 5, 0.0048, 0.9711, 0.0158
 6, 0.5, 0.068476, 3, 5, 0.8159
 6, 0.5, 0.046043, 3, 5, 0.0114, 0.0201, 0.8717
 6, 0.5, 0.035496, 4, 5, 0.8109
 6, 0.5, 0.057966, 1, 5, 0.5571, 0.5544
 6, 0.6, 0.051962, 1, 4, 0.3058, 0.9587
 6, 0.6, 0.062929, 1, 4, 0.0482, 0.4806, 0.3953
 6, 0.6, 0.086371, 1, 5, 0.8651, 0.8166, 0.8244
 6, 0.6, 0.065269, 2, 4, 0.0413, 0.0642, 0.8381
 6, 0.6, 0.076420, 2, 5, 0.0335, 0.0551
 6, 0.6, 0.081609, 2, 5, 0.2447, 0.5842, 0.9681
 6, 0.6, 0.074833, 3, 5, 0.0079, 0.6194
 6, 0.6, 0.064187, 3, 5, 0.0874, 0.7754, 0.4032
 6, 0.6, 0.079246, 4, 5, 0.6617
 6, 0.6, 0.067082, 4, 5, 0.2222, 0.9279
 6, 0.7, 0.057175, 1, 3, 0.2267, 0.2352, 0.8459
 6, 0.7, 0.028284, 1, 4, 0.3610, 0.8348
 6, 0.7, 0.047117, 1, 4, 0.4494, 0.0408, 0.6930
 6, 0.7, 0.048166, 2, 3, 0.0018, 0.2506, 0.7924
 6, 0.7, 0.052726, 2, 4, 0.0920, 0.1542, 0.6760
 6, 0.7, 0.074431, 2, 5, 0.6069, 0.3024
 6, 0.7, 0.059330, 2, 5, 0.4949, 0.2343, 0.5055
 6, 0.7, 0.040608, 1, 3, 0.2436, 0.0480, 0.5783
 6, 0.7, 0.071274, 1, 4, 0.3208, 0.3167
 6, 0.7, 0.043920, 1, 4, 0.4851, 0.9746, 0.1923
 6, 0.8, 0.041952, 1, 3, 0.0378, 0.6557, 0.5178
 6, 0.8, 0.044045, 1, 4, 0.9829, 0.5041
 6, 0.8, 0.069570, 1, 4, 0.7281, 0.4278, 0.4440
 6, 0.8, 0.040608, 2, 3, 0.1540, 0.1052, 0.6174
 6, 0.8, 0.032696, 2, 4, 0.0793, 0.8024
 6, 0.8, 0.027203, 2, 4, 0.1856, 0.5590, 0.4697
 6, 0.8, 0.051769, 3, 4, 0.0465, 0.8909, 0.8394
 6, 0.8, 0.028636, 4, 3, 0.2913, 0.0444, 0.9181
 6, 0.8, 0.041581, 4, 4, 0.0109, 0.5713, 0.4426
 6, 0.8, 0.035057, 5, 3, 0.1052, 0.0725, 0.7193
 6, 0.9, 0.050990, 1, 3, 0.2405
 6, 0.9, 0.026458, 1, 3, 0.6321, 0.0418
 6, 0.9, 0.020494, 1, 3, 0.6782, 0.2560, 0.3320
 6, 0.9, 0.020494, 2, 3, 0.3168, 0.4293, 0.6688
 6, 0.9, 0.034351, 2, 4, 0.7041
 6, 0.9, 0.049396, 2, 4, 0.9441, 0.5867
 6, 0.9, 0.037417, 2, 4, 0.6617, 0.9128, 0.8935
 6, 0.9, 0.017889, 3, 3, 0.2334, 0.4423, 0.8910
 6, 0.9, 0.035214, 3, 4, 0.0626
 6, 0.9, 0.036729, 3, 4, 0.8222, 0.9893
