 8, 0.0, 0.000000, 1, 8, 0.0000
 8, 0.0, 0.000000, 1, 8, 0.0000
 8, 0.0, 0.000000, 1, 8, 0.0000
 8, 0.0, 0.000000, 1, 8, 0.0000
 8, 0.0, 0.000000, 1, 8, 0.0000
 8, 0.0, 0.000000, 1, 8, 0.0000
 8, 0.0, 0.000000, 1, 8, 0.0000
 8, 0.0, 0.000000, 1, 8, 0.0000
 8, 0.0, 0.000000, 1, 8, 0.0000
 8, 0.0, 0.000000, 1, 8, 0.0000
 8, 0.1, 0.039243, 1, 7, 0.8584
 8, 0.1, 0.048580, 1, 7, 0.2930, 0.9800
 8, 0.1, 0.026077, 1, 7, 0.0280, 0.1285, 0.9831
 8, 0.1, 0.028284, 1, 8, 0.9989, 0.9153, 0.3372
 8, 0.1, 0.031937, 2, 7, 0.2786, 0.9570
 8, 0.1, 0.040988, 2, 7, 0.0993, 0.9666, 0.1076
 8, 0.1, 0.026833, 2, 8, 0.7060, 0.5715, 0.7938
 8, 0.1, 0.032863, 3, 7, 0.9027
 8, 0.1, 0.032863, 3, 7, 0.0772, 0.8498
 8, 0.1, 0.040743, 3, 7, 0.0910, 0.0602, 0.9888
 8, 0.2, 0.042661, 1, 6, 0.1486, 0.9894
 8, 0.2, 0.049193, 1, 6, 0.0227, 0.9472, 0.2693
 8, 0.2, 0.039497, 1, 7, 0.5002
 8, 0.2, 0.037148, 1, 7, 0.1195, 0.6144
 8, 0.2, 0.040988, 1, 7, 0.4698, 0.0096, 0.4501
 8, 0.2, 0.036056, 2, 7, 0.0151
 8, 0.2, 0.047329, 2, 7, 0.8045, 0.8983
 8, 0.2, 0.076681, 2, 7, 0.3738, 0.9707, 0.8621
 8, 0.2, 0.050398, 2, 8, 0.9487, 0.9589, 0.9951
 8, 0.2, 0.050000, 3, 7, 0.0917, 0.5185, 0.7137
 8, 0.3, 0.038730, 1, 6, 0.2153, 0.8241
 8, 0.3, 0.034191, 1, 6, 0.1991, 0.3079, 0.9054
 8, 0.3, 0.047000, 1, 7, 0.5348, 0.3029
 8, 0.3, 0.063159, 1, 7, 0.8935, 0.9267, 0.2776
 8, 0.3, 0.053666, 2, 6, 0.1817, 0.9762, 0.8981
 8, 0.3, 0.053666, 2, 7, 0.6101, 0.4607
 8, 0.3, 0.067528, 2, 7, 0.6254, 0.1641, 0.1821
 8, 0.3, 0.063561, 3, 6, 0.2228, 0.9663
 8, 0.3, 0.039243, 3, 7, 0.1901, 0.4123
 8, 0.3, 0.055579, 3, 7, 0.4584, 0.7793, 0.3475
 8, 0.4, 0.049890, 1, 5, 0.0129, 0.0845, 0.6898
 8, 0.4, 0.081541, 1, 6, 0.0281, 0.1498, 0.3707
 8, 0.4, 0.047000, 1, 7, 0.9350, 0.8354, 0.6291
 8, 0.4, 0.074027, 2, 6, 0.1843, 0.7386
 8, 0.4, 0.041713, 2, 6, 0.2037, 0.2082, 0.9305
 8, 0.4, 0.069138, 2, 7, 0.8774, 0.7914, 0.5877
 8, 0.4, 0.088994, 3, 6, 0.1431, 0.6927
 8, 0.4, 0.067890, 3, 6, 0.0330, 0.6658, 0.9298
 8, 0.4, 0.058138, 3, 7, 0.7688, 0.7674, 0.5667
 8, 0.4, 0.060992, 4, 6, 0.2139, 0.7473
 8, 0.5, 0.067380, 1, 6, 0.1838
 8, 0.5, 0.064962, 1, 6, 0.5835, 0.1386, 0.6952
 8, 0.5, 0.035496, 2, 5, 0.0731, 0.0987, 0.7331
 8, 0.5, 0.037148, 2, 6, 0.1764, 0.4512
 8, 0.5, 0.041231, 2, 6, 0.6576, 0.9163, 0.1294
 8, 0.5, 0.082517, 3, 6, 0.5564, 0.9918, 0.9432
 8, 0.5, 0.053479, 4, 6, 0.2503, 0.6314
 8, 0.5, 0.079750, 4, 6, 0.1920, 0.6302, 0.0910
 8, 0.5, 0.051575, 5, 6, 0.1847, 0.5258
 8, 0.5, 0.035214, 5, 6, 0.2009, 0.7295, 0.7618
 8, 0.6, 0.049193, 1, 5, 0.2483, 0.4151, 0.6751
 8, 0.6, 0.050000, 1, 6, 0.8426
 8, 0.6, 0.063087, 1, 6, 0.7775, 0.2358
 8, 0.6, 0.050685, 1, 6, 0.8112, 0.7131, 0.5938
 8, 0.6, 0.049396, 2, 5, 0.0298, 0.7215, 0.9020
 8, 0.6, 0.050289, 2, 6, 0.2444
 8, 0.6, 0.074357, 2, 6, 0.7348, 0.6043
 8, 0.6, 0.027928, 2, 6, 0.8157, 0.9379, 0.7759
 8, 0.6, 0.031623, 3, 5, 0.2525, 0.0108, 0.6644
 8, 0.6, 0.077201, 3, 6, 0.6370, 0.5624
 8, 0.7, 0.062929, 1, 4, 0.0273, 0.0187, 0.8968
 8, 0.7, 0.053852, 1, 5, 0.2366
 8, 0.7, 0.049487, 1, 5, 0.1586, 0.7974
 8, 0.7, 0.067528, 1, 5, 0.8627, 0.1744, 0.5892
 8, 0.7, 0.061319, 2, 5, 0.2367, 0.3729, 0.6413
 8, 0.7, 0.065490, 2, 6, 0.9429, 0.3276, 0.3045
 8, 0.7, 0.032249, 3, 5, 0.2471, 0.3779, 0.9862
 8, 0.7, 0.047958, 3, 6, 0.9319, 0.2362
 8, 0.7, 0.041952, 3, 6, 0.8078, 0.2041, 0.2419
 8, 0.7, 0.056116, 4, 5, 0.2737, 0.2116, 0.9928
 8, 0.8, 0.052811, 1, 4, 0.0820
 8, 0.8, 0.043128, 1, 4, 0.0373, 0.0689
 8, 0.8, 0.027928, 1, 4, 0.0422, 0.1321, 0.4571
 8, 0.8, 0.057350, 1, 5, 0.4802, 0.1882
 8, 0.8, 0.033166, 1, 5, 0.9892, 0.7561, 0.7559
 8, 0.8, 0.038987, 2, 4, 0.1304, 0.0288, 0.8150
 8, 0.8, 0.053852, 2, 5, 0.5435, 0.0289
 8, 0.8, 0.054854, 2, 5, 0.2413, 0.8965, 0.0351
 8, 0.8, 0.064187, 3, 5, 0.1793, 0.8980
 8, 0.8, 0.050289, 3, 5, 0.1994, 0.0937, 0.3422
 8, 0.9, 0.037683, 1, 3, 0.2364
 8, 0.9, 0.016401, 1, 3, 0.0113, 0.3038
 8, 0.9, 0.016733, 1, 3, 0.1194, 0.0967, 0.7815
 8, 0.9, 0.035777, 1, 4, 0.9596, 0.4162
 8, 0.9, 0.036878, 1, 4, 0.9489, 0.3061, 0.5405
 8, 0.9, 0.027928, 2, 3, 0.0158, 0.0207
 8, 0.9, 0.026458, 2, 3, 0.0011, 0.0511, 0.8710
 8, 0.9, 0.046043, 2, 4, 0.4443
 8, 0.9, 0.056921, 2, 4, 0.1908, 0.9418
 8, 0.9, 0.024083, 2, 4, 0.2505, 0.7081, 0.5962
