10, 0.0, 0.000000, 1,10, 0.0000
10, 0.0, 0.000000, 1,10, 0.0000
10, 0.0, 0.000000, 1,10, 0.0000
10, 0.0, 0.000000, 1,10, 0.0000
10, 0.0, 0.000000, 1,10, 0.0000
10, 0.0, 0.000000, 1,10, 0.0000
10, 0.0, 0.000000, 1,10, 0.0000
10, 0.0, 0.000000, 1,10, 0.0000
10, 0.0, 0.000000, 1,10, 0.0000
10, 0.0, 0.000000, 1,10, 0.0000
10, 0.1, 0.031623, 1, 8, 0.1139, 0.9729
10, 0.1, 0.042895, 1, 8, 0.0586, 0.4226, 0.8160
10, 0.1, 0.029326, 1, 9, 0.1067
10, 0.1, 0.044045, 1, 9, 0.9947, 0.5777
10, 0.1, 0.032249, 1, 9, 0.0714, 0.4262, 0.4242
10, 0.1, 0.028983, 2, 8, 0.0121, 0.8711
10, 0.1, 0.030332, 2, 8, 0.0509, 0.1841, 0.9225
10, 0.1, 0.036332, 2, 9, 0.0485
10, 0.1, 0.030332, 2, 9, 0.4265, 0.5703
10, 0.1, 0.030659, 2, 9, 0.0419, 0.1077, 0.0311
10, 0.2, 0.047958, 1, 7, 0.0065, 0.3484, 0.8812
10, 0.2, 0.055678, 1, 8, 0.3672, 0.7405
10, 0.2, 0.034191, 1, 8, 0.0993, 0.5605, 0.3574
10, 0.2, 0.073621, 1, 9, 0.9045, 0.6569, 0.3439
10, 0.2, 0.056921, 2, 8, 0.1860, 0.5148, 0.6875
10, 0.2, 0.035496, 2, 9, 0.4262, 0.2777
10, 0.2, 0.050990, 2, 9, 0.7261, 0.5695, 0.2726
10, 0.2, 0.075366, 3, 8, 0.1448, 0.6663
10, 0.2, 0.045387, 3, 8, 0.4498, 0.7085, 0.9975
10, 0.2, 0.053666, 3, 9, 0.4459, 0.3186
10, 0.3, 0.076420, 1, 7, 0.1271, 0.7656, 0.8794
10, 0.3, 0.062682, 1, 8, 0.1264
10, 0.3, 0.045826, 1, 8, 0.3063, 0.6645
10, 0.3, 0.044822, 1, 8, 0.1657, 0.2095, 0.5262
10, 0.3, 0.054772, 2, 7, 0.2682, 0.0698, 0.8326
10, 0.3, 0.081609, 2, 8, 0.0578
10, 0.3, 0.044272, 2, 8, 0.2241, 0.7018
10, 0.3, 0.039243, 2, 8, 0.9003, 0.0656, 0.9300
10, 0.3, 0.042190, 3, 7, 0.3134, 0.2745, 0.9919
10, 0.3, 0.049800, 3, 8, 0.0835
10, 0.4, 0.059573, 1, 7, 0.6874, 0.1793, 0.8513
10, 0.4, 0.064807, 1, 8, 0.2182
10, 0.4, 0.067971, 1, 8, 0.7518, 0.5552
10, 0.4, 0.087977, 1, 8, 0.3587, 0.5004, 0.0333
10, 0.4, 0.045266, 2, 7, 0.2044, 0.8027, 0.8757
10, 0.4, 0.055399, 2, 8, 0.7487, 0.5946
10, 0.4, 0.074297, 2, 8, 0.6269, 0.2380, 0.6228
10, 0.4, 0.060166, 3, 7, 0.2384, 0.6855, 0.8477
10, 0.4, 0.073756, 3, 8, 0.3075
10, 0.4, 0.066332, 3, 8, 0.2426, 0.0032
10, 0.5, 0.053292, 1, 7, 0.0170, 0.1884
10, 0.5, 0.079246, 1, 7, 0.3330, 0.1971, 0.5775
10, 0.5, 0.038730, 1, 8, 0.9985, 0.2549
10, 0.5, 0.081731, 1, 8, 0.8437, 0.2184, 0.3344
10, 0.5, 0.080623, 2, 7, 0.0718
10, 0.5, 0.104542, 2, 7, 0.5634, 0.1247, 0.6958
10, 0.5, 0.073621, 2, 8, 0.6644, 0.2549
10, 0.5, 0.066783, 2, 8, 0.9003, 0.4333, 0.0542
10, 0.5, 0.060332, 3, 7, 0.0166, 0.9142
10, 0.5, 0.044721, 3, 7, 0.7386, 0.2664, 0.9439
10, 0.6, 0.032696, 1, 6, 0.0904
10, 0.6, 0.052048, 1, 6, 0.0354, 0.2359, 0.9525
10, 0.6, 0.114368, 1, 7, 0.2082, 0.2750
10, 0.6, 0.072312, 1, 7, 0.5501, 0.9931, 0.5910
10, 0.6, 0.063474, 2, 6, 0.0418
10, 0.6, 0.039243, 2, 6, 0.0052, 0.0002, 0.5501
10, 0.6, 0.085323, 2, 7, 0.1657, 0.7199
10, 0.6, 0.058728, 2, 7, 0.4872, 0.8382, 0.6007
10, 0.6, 0.053935, 3, 7, 0.1560
10, 0.6, 0.057871, 3, 7, 0.2099, 0.8068
10, 0.7, 0.063087, 1, 6, 0.3465
10, 0.7, 0.054955, 1, 6, 0.0542, 0.1801
10, 0.7, 0.060828, 1, 6, 0.0695, 0.7769, 0.9430
10, 0.7, 0.085907, 1, 7, 0.5713, 0.1260
10, 0.7, 0.057619, 1, 7, 0.7297, 0.5401, 0.1819
10, 0.7, 0.070993, 2, 6, 0.1103
10, 0.7, 0.052345, 2, 6, 0.1514, 0.0192
10, 0.7, 0.028792, 2, 6, 0.0045, 0.3263, 0.8533
10, 0.7, 0.044373, 2, 7, 0.6020, 0.8589
10, 0.7, 0.054589, 2, 7, 0.8675, 0.0806, 0.0153
10, 0.8, 0.034351, 1, 5, 0.8816
10, 0.8, 0.035777, 1, 5, 0.0798, 0.6748
10, 0.8, 0.034059, 1, 5, 0.2092, 0.1079, 0.5634
10, 0.8, 0.055678, 1, 6, 0.3605, 0.4353
10, 0.8, 0.060663, 1, 6, 0.1939, 0.6213, 0.6258
10, 0.8, 0.039611, 2, 5, 0.1214
10, 0.8, 0.052726, 2, 5, 0.0708, 0.1921, 0.0032
10, 0.8, 0.045387, 2, 6, 0.3787
10, 0.8, 0.048580, 2, 6, 0.1925, 0.9499
10, 0.8, 0.026627, 2, 6, 0.4573, 0.8219, 0.9075
10, 0.9, 0.030150, 1, 3, 0.0078
10, 0.9, 0.037417, 1, 3, 0.0399, 0.0208, 0.6229
10, 0.9, 0.028284, 1, 4, 0.5082, 0.0692
10, 0.9, 0.026249, 1, 4, 0.1335, 0.2516, 0.4795
10, 0.9, 0.029326, 2, 4, 0.3127, 0.0059, 0.8399
10, 0.9, 0.033166, 2, 5, 0.7011, 0.7275
10, 0.9, 0.032249, 2, 5, 0.4413, 0.5328, 0.1905
10, 0.9, 0.038210, 3, 4, 0.0057, 0.0164
10, 0.9, 0.035214, 3, 4, 0.1078, 0.0286, 0.9740
10, 0.9, 0.025690, 3, 5, 0.8525, 0.0282
