 3, 0.0, 0.000000, 1, 3, 0.0000
 3, 0.0, 0.000000, 1, 3, 0.0000
 3, 0.0, 0.000000, 1, 3, 0.0000
 3, 0.0, 0.000000, 1, 3, 0.0000
 3, 0.0, 0.000000, 1, 3, 0.0000
 3, 0.0, 0.000000, 1, 3, 0.0000
 3, 0.0, 0.000000, 1, 3, 0.0000
 3, 0.0, 0.000000, 1, 3, 0.0000
 3, 0.0, 0.000000, 1, 3, 0.0000
 3, 0.0, 0.000000, 1, 3, 0.0000
 3, 0.1, 0.034928, 1, 3, 0.1256, 0.1352
 3, 0.1, 0.021656, 2, 3, 0.2486
 3, 0.1, 0.028443, 1, 3, 0.2352
 3, 0.1, 0.035623, 2, 3, 0.2355
 3, 0.1, 0.024083, 1, 3, 0.0064, 0.2586
 3, 0.1, 0.041713, 2, 3, 0.1224, 0.1435
 3, 0.1, 0.032249, 1, 3, 0.2196
 3, 0.1, 0.047958, 2, 3, 0.1668, 0.1130
 3, 0.1, 0.030984, 1, 3, 0.2072, 0.0584
 3, 0.1, 0.026249, 2, 3, 0.1230, 0.1431
 3, 0.2, 0.028443, 2, 3, 0.0629, 0.2719
 3, 0.2, 0.026833, 2, 3, 0.3577
 3, 0.2, 0.031305, 2, 3, 0.0051, 0.3137
 3, 0.2, 0.051381, 1, 3, 0.3350
 3, 0.2, 0.046476, 1, 3, 0.2739, 0.0470
 3, 0.2, 0.051962, 2, 3, 0.2432, 0.0941
 3, 0.2, 0.068037, 1, 3, 0.3101, 0.0208
 3, 0.2, 0.049193, 2, 3, 0.3054, 0.0483
 3, 0.2, 0.047424, 2, 3, 0.3258, 0.0246
 3, 0.2, 0.046043, 1, 3, 0.3476
 3, 0.3, 0.054854, 1, 3, 0.0613, 0.3422
 3, 0.3, 0.062610, 2, 3, 0.4346
 3, 0.3, 0.046476, 2, 3, 0.2197, 0.1655
 3, 0.3, 0.022113, 1, 3, 0.4525
 3, 0.3, 0.042059, 2, 3, 0.2368, 0.1603
 3, 0.3, 0.055498, 1, 3, 0.4151
 3, 0.3, 0.066400, 2, 3, 0.2028, 0.1769
 3, 0.3, 0.053852, 1, 3, 0.4163
 3, 0.3, 0.060498, 1, 3, 0.2485, 0.1365
 3, 0.3, 0.056921, 2, 3, 0.2539, 0.1401
 3, 0.4, 0.030480, 1, 3, 0.0859, 0.3619
 3, 0.4, 0.052726, 2, 3, 0.2699, 0.1791
 3, 0.4, 0.038846, 1, 3, 0.3055, 0.1441
 3, 0.4, 0.047329, 2, 3, 0.4365, 0.0531
 3, 0.4, 0.052154, 2, 3, 0.6092, 0.0021
 3, 0.4, 0.074967, 1, 3, 0.5769
 3, 0.4, 0.051186, 1, 3, 0.3527, 0.1030
 3, 0.4, 0.076420, 2, 3, 0.1771, 0.2723
 3, 0.4, 0.064498, 1, 3, 0.5882
 3, 0.4, 0.043359, 1, 3, 0.5670
 3, 0.5, 0.051381, 1, 3, 0.2914, 0.1985
 3, 0.5, 0.056036, 2, 3, 0.7063
 3, 0.5, 0.047749, 1, 3, 0.7995
 3, 0.5, 0.064653, 1, 3, 0.8291
 3, 0.5, 0.059330, 2, 3, 0.7870
 3, 0.5, 0.068848, 1, 3, 0.7645
 3, 0.5, 0.049598, 1, 3, 0.8342
 3, 0.5, 0.067676, 1, 3, 0.7662
 3, 0.5, 0.053666, 2, 3, 0.5119, 0.0840
 3, 0.5, 0.041952, 1, 3, 0.8955
 3, 0.6, 0.033897, 1, 3, 0.3298, 0.2248
 3, 0.6, 0.073485, 1, 3, 0.0424, 0.7187
 3, 0.6, 0.035341, 2, 3, 0.2915, 0.2660
 3, 0.6, 0.038210, 2, 3, 0.5881, 0.1178
 3, 0.6, 0.053749, 2, 3, 0.0203, 0.8247
 3, 0.6, 0.072938, 1, 3, 0.1964, 0.3776
 3, 0.6, 0.061066, 2, 3, 0.1247, 0.5446
 3, 0.6, 0.065879, 1, 3, 0.1344, 0.4631
 3, 0.6, 0.052726, 2, 3, 0.0360, 0.7840
 3, 0.6, 0.062362, 1, 3, 0.6426, 0.0801
 3, 0.7, 0.047212, 1, 3, 0.8988, 0.1135
 3, 0.7, 0.062610, 2, 3, 0.9986, 0.0986
 3, 0.7, 0.043000, 1, 3, 0.4833, 0.1768
 3, 0.7, 0.043463, 1, 3, 0.4609, 0.2108
 3, 0.7, 0.051575, 2, 3, 0.9967, 0.0991
 3, 0.7, 0.052811, 1, 3, 0.4311, 0.2262
 3, 0.7, 0.064498, 1, 3, 0.1068, 0.7682
 3, 0.7, 0.038328, 1, 3, 0.5628, 0.1508
 3, 0.7, 0.061806, 1, 3, 0.0985, 0.8918
 3, 0.7, 0.039243, 2, 3, 0.1134, 0.7108
 3, 0.8, 0.032863, 2, 3, 0.6976, 0.2139
 3, 0.8, 0.019723, 1, 3, 0.2570, 0.5701
 3, 0.8, 0.027928, 2, 3, 0.1711, 0.7334
 3, 0.8, 0.033302, 2, 3, 0.1703, 0.8541
 3, 0.8, 0.044598, 2, 3, 0.7631, 0.2072
 3, 0.8, 0.041821, 1, 3, 0.3670, 0.3540
 3, 0.8, 0.051962, 2, 3, 0.6357, 0.2297
 3, 0.8, 0.038471, 2, 3, 0.3394, 0.4410
 3, 0.8, 0.023238, 1, 3, 0.2988, 0.4876
 3, 0.8, 0.025690, 1, 3, 0.2514, 0.5373
 3, 0.9, 0.027203, 1, 2, 0.2015, 0.0070
 3, 0.9, 0.014142, 1, 2, 0.1139, 0.0229
 3, 0.9, 0.029138, 1, 2, 0.2101, 0.0962
 3, 0.9, 0.019494, 1, 2, 0.4527
 3, 0.9, 0.011832, 1, 2, 0.4132, 0.0597
 3, 0.9, 0.026077, 1, 2, 0.3769
 3, 0.9, 0.017889, 1, 2, 0.1912, 0.0589
 3, 0.9, 0.020494, 1, 2, 0.3971, 0.0442
 3, 0.9, 0.017889, 1, 2, 0.3180
 3, 0.9, 0.025298, 1, 2, 0.1735, 0.0381
