 4, 0.0, 0.000000, 1, 4, 0.0000
 4, 0.0, 0.000000, 1, 4, 0.0000
 4, 0.0, 0.000000, 1, 4, 0.0000
 4, 0.0, 0.000000, 1, 4, 0.0000
 4, 0.0, 0.000000, 1, 4, 0.0000
 4, 0.0, 0.000000, 1, 4, 0.0000
 4, 0.0, 0.000000, 1, 4, 0.0000
 4, 0.0, 0.000000, 1, 4, 0.0000
 4, 0.0, 0.000000, 1, 4, 0.0000
 4, 0.0, 0.000000, 1, 4, 0.0000
 4, 0.1, 0.042895, 1, 4, 0.4459, 0.1198
 4, 0.1, 0.030659, 1, 4, 0.3419, 0.0587, 0.1322
 4, 0.1, 0.044045, 2, 4, 0.2918, 0.2655
 4, 0.1, 0.032078, 2, 4, 0.2584, 0.2361, 0.0798
 4, 0.1, 0.028284, 1, 4, 0.1637, 0.3147
 4, 0.1, 0.035496, 3, 4, 0.3580, 0.0459, 0.1245
 4, 0.1, 0.032249, 1, 4, 0.1130, 0.0418, 0.3558
 4, 0.1, 0.035777, 2, 4, 0.4276, 0.1492
 4, 0.1, 0.025475, 3, 4, 0.3601, 0.2292
 4, 0.1, 0.026077, 3, 4, 0.0923, 0.1332, 0.3309
 4, 0.2, 0.067380, 1, 4, 0.2396, 0.3619
 4, 0.2, 0.055579, 1, 4, 0.3129, 0.0908, 0.2272
 4, 0.2, 0.030000, 2, 4, 0.3562, 0.3385
 4, 0.2, 0.054222, 2, 4, 0.4366, 0.0050, 0.1046
 4, 0.2, 0.065269, 3, 4, 0.0035, 0.3822, 0.1432
 4, 0.2, 0.047329, 1, 4, 0.5576, 0.1511
 4, 0.2, 0.043920, 1, 4, 0.2006, 0.2031, 0.2728
 4, 0.2, 0.059833, 2, 4, 0.5747, 0.0687
 4, 0.2, 0.053000, 1, 4, 0.1857, 0.3888
 4, 0.2, 0.068184, 1, 4, 0.1762, 0.1358, 0.3362
 4, 0.3, 0.073075, 1, 4, 0.1542, 0.4407
 4, 0.3, 0.055579, 1, 4, 0.2128, 0.3749, 0.1023
 4, 0.3, 0.072111, 2, 4, 0.5976, 0.1370, 0.0730
 4, 0.3, 0.060498, 3, 4, 0.2185, 0.4158
 4, 0.3, 0.034482, 3, 4, 0.4733, 0.0153, 0.1730
 4, 0.3, 0.043359, 1, 4, 0.5015, 0.3487
 4, 0.3, 0.030480, 2, 4, 0.3046, 0.4150
 4, 0.3, 0.071337, 3, 4, 0.6480, 0.1819
 4, 0.3, 0.055857, 1, 4, 0.6801
 4, 0.3, 0.059573, 1, 4, 0.2749, 0.4084
 4, 0.4, 0.074626, 1, 4, 0.2686, 0.4761
 4, 0.4, 0.082219, 1, 4, 0.2094, 0.3422, 0.2293
 4, 0.4, 0.048672, 2, 4, 0.8152
 4, 0.4, 0.034771, 2, 4, 0.7928, 0.0969
 4, 0.4, 0.038588, 3, 4, 0.7673, 0.1910
 4, 0.4, 0.063789, 3, 4, 0.4325, 0.3993, 0.0402
 4, 0.4, 0.056569, 1, 4, 0.7770
 4, 0.4, 0.071414, 1, 4, 0.7177, 0.1915
 4, 0.4, 0.060407, 1, 4, 0.4020, 0.0216, 0.2574
 4, 0.4, 0.073212, 2, 4, 0.7486
 4, 0.5, 0.039357, 1, 4, 0.8847, 0.2729
 4, 0.5, 0.064031, 3, 4, 0.6968, 0.4666
 4, 0.5, 0.034928, 2, 4, 0.7468, 0.4781
 4, 0.5, 0.052154, 3, 4, 0.9556, 0.2759
 4, 0.5, 0.057619, 3, 4, 0.9873, 0.0578, 0.0200
 4, 0.5, 0.070711, 2, 4, 0.9191, 0.0126, 0.0539
 4, 0.5, 0.078486, 3, 4, 0.5113, 0.5444
 4, 0.5, 0.034351, 3, 4, 0.4062, 0.0827, 0.3248
 4, 0.5, 0.048374, 3, 4, 0.9841
 4, 0.5, 0.076158, 3, 4, 0.1415, 0.3817, 0.4311
 4, 0.6, 0.058481, 1, 4, 0.6806, 0.6896
 4, 0.6, 0.085726, 1, 4, 0.1396, 0.2609, 0.7300
 4, 0.6, 0.073621, 1, 4, 0.8806, 0.6069
 4, 0.6, 0.065947, 3, 4, 0.9593, 0.6899
 4, 0.6, 0.052726, 3, 4, 0.1292, 0.1690, 0.8847
 4, 0.6, 0.075233, 1, 4, 0.9332, 0.7984
 4, 0.6, 0.061319, 1, 4, 0.3947, 0.0348, 0.9246
 4, 0.6, 0.082219, 3, 4, 0.6561, 0.6378
 4, 0.6, 0.040361, 1, 4, 0.0077, 0.6476
 4, 0.6, 0.056116, 1, 4, 0.4704, 0.0965, 0.3879
 4, 0.7, 0.040743, 1, 3, 0.0528, 0.4104, 0.8173
 4, 0.7, 0.045826, 1, 3, 0.0073, 0.4074, 0.6515
 4, 0.7, 0.062450, 1, 3, 0.0111, 0.4677, 0.8510
 4, 0.7, 0.040988, 1, 3, 0.0550, 0.1738, 0.6728
 4, 0.7, 0.026249, 1, 3, 0.0143, 0.0735, 0.5549
 4, 0.7, 0.053000, 1, 3, 0.1181, 0.0619, 0.8764
 4, 0.7, 0.055937, 1, 3, 0.0050, 0.1423, 0.6010
 4, 0.7, 0.042895, 1, 3, 0.0633, 0.1653, 0.7198
 4, 0.7, 0.045387, 1, 3, 0.0040, 0.2358, 0.8811
 4, 0.7, 0.030984, 1, 3, 0.0237, 0.1036, 0.8899
 4, 0.8, 0.036180, 1, 3, 0.5818
 4, 0.8, 0.037947, 1, 3, 0.4615, 0.0220
 4, 0.8, 0.047329, 1, 3, 0.0695, 0.6220, 0.2387
 4, 0.8, 0.025690, 1, 3, 0.5506
 4, 0.8, 0.037269, 1, 3, 0.3522, 0.1956
 4, 0.8, 0.052431, 1, 3, 0.0789, 0.9694, 0.6747
 4, 0.8, 0.044497, 1, 3, 0.5723
 4, 0.8, 0.043589, 1, 3, 0.0567, 0.5770
 4, 0.8, 0.038066, 1, 3, 0.1912, 0.3450, 0.6261
 4, 0.8, 0.026627, 1, 3, 0.6695
 4, 0.9, 0.013416, 1, 2, 0.1929, 0.5308
 4, 0.9, 0.020224, 1, 2, 0.0891, 0.3188, 0.0387
 4, 0.9, 0.035496, 1, 3, 0.6397, 0.2017, 0.3455
 4, 0.9, 0.018974, 2, 2, 0.0970, 0.9196, 0.0890
 4, 0.9, 0.029665, 2, 3, 0.0602, 0.4609
 4, 0.9, 0.014142, 2, 3, 0.0150, 0.4943, 0.8036
 4, 0.9, 0.021909, 3, 2, 0.0351, 0.9108
 4, 0.9, 0.024083, 3, 2, 0.0989, 0.9808, 0.0583
 4, 0.9, 0.027568, 3, 3, 0.1697, 0.9659
 4, 0.9, 0.013416, 3, 3, 0.0113, 0.9095, 0.1287
