 5, 0.0, 0.000000, 1, 5, 0.0000
 5, 0.0, 0.000000, 1, 5, 0.0000
 5, 0.0, 0.000000, 1, 5, 0.0000
 5, 0.0, 0.000000, 1, 5, 0.0000
 5, 0.0, 0.000000, 1, 5, 0.0000
 5, 0.0, 0.000000, 1, 5, 0.0000
 5, 0.0, 0.000000, 1, 5, 0.0000
 5, 0.0, 0.000000, 1, 5, 0.0000
 5, 0.0, 0.000000, 1, 5, 0.0000
 5, 0.0, 0.000000, 1, 5, 0.0000
 5, 0.1, 0.040497, 1, 5, 0.3860, 0.6919
 5, 0.1, 0.054222, 2, 5, 0.9747
 5, 0.1, 0.033166, 2, 5, 0.4263, 0.9922, 0.0010
 5, 0.1, 0.048374, 3, 5, 0.2504, 0.6958
 5, 0.1, 0.033764, 4, 5, 0.3556, 0.7871
 5, 0.1, 0.036606, 4, 5, 0.2384, 0.0947, 0.4432
 5, 0.1, 0.036606, 1, 5, 0.4022, 0.6637
 5, 0.1, 0.037148, 1, 5, 0.3969, 0.0711, 0.4220
 5, 0.1, 0.033764, 2, 5, 0.8434
 5, 0.1, 0.036606, 2, 5, 0.3551, 0.8697
 5, 0.2, 0.054037, 1, 5, 0.7012, 0.3706
 5, 0.2, 0.064031, 1, 5, 0.8249, 0.2625, 0.1209
 5, 0.2, 0.062450, 2, 5, 0.7163, 0.5195
 5, 0.2, 0.048990, 2, 5, 0.1537, 0.0083, 0.7761
 5, 0.2, 0.050990, 3, 5, 0.6150, 0.6087
 5, 0.2, 0.055317, 3, 5, 0.4209, 0.8230, 0.1721
 5, 0.2, 0.060166, 4, 5, 0.7518, 0.3615
 5, 0.2, 0.037148, 4, 5, 0.8241, 0.2140, 0.2746
 5, 0.2, 0.051381, 1, 5, 0.6783, 0.6836
 5, 0.2, 0.037683, 1, 5, 0.6471, 0.0175, 0.6319
 5, 0.3, 0.084906, 1, 5, 0.8311, 0.4568
 5, 0.3, 0.044721, 1, 5, 0.4364, 0.1617, 0.6271
 5, 0.3, 0.051186, 2, 5, 0.8135, 0.5275
 5, 0.3, 0.041231, 3, 5, 0.8045, 0.5727
 5, 0.3, 0.082219, 3, 5, 0.1374, 0.3063, 0.4764
 5, 0.3, 0.060166, 4, 5, 0.7712, 0.4889
 5, 0.3, 0.056648, 4, 5, 0.8652, 0.9385, 0.0186
 5, 0.3, 0.058822, 1, 5, 0.8178, 0.6315
 5, 0.3, 0.059833, 1, 5, 0.6259, 0.1251, 0.6326
 5, 0.3, 0.054037, 2, 5, 0.8035, 0.5048
 5, 0.4, 0.055218, 1, 4, 0.0085, 0.0547, 0.9606
 5, 0.4, 0.059405, 1, 5, 0.8541, 0.5165, 0.3304
 5, 0.4, 0.086770, 2, 5, 0.9808, 0.5633
 5, 0.4, 0.046043, 2, 5, 0.3103, 0.1095, 0.8385
 5, 0.4, 0.050090, 3, 5, 0.9645, 0.6173
 5, 0.4, 0.079931, 4, 5, 0.9663, 0.8118
 5, 0.4, 0.122674, 4, 5, 0.3814, 0.6739, 0.3635
 5, 0.4, 0.057096, 1, 5, 0.9688, 0.6011
 5, 0.4, 0.051274, 1, 5, 0.7125, 0.6200, 0.3440
 5, 0.4, 0.069714, 2, 5, 0.9794, 0.5586
 5, 0.5, 0.099197, 1, 4, 0.1810, 0.0245, 0.8978
 5, 0.5, 0.057619, 1, 4, 0.1553, 0.1152, 0.9893
 5, 0.5, 0.070852, 1, 3, 0.0217, 0.0833, 0.9743
 5, 0.5, 0.058652, 1, 4, 0.1170, 0.0218, 0.7647
 5, 0.5, 0.055857, 1, 4, 0.0221, 0.5841, 0.9652
 5, 0.5, 0.052536, 1, 4, 0.0525, 0.0073, 0.5792
 5, 0.5, 0.029326, 1, 4, 0.0017, 0.9971
 5, 0.5, 0.098590, 1, 4, 0.0955, 0.1313, 0.9340
 5, 0.5, 0.056391, 1, 4, 0.0779, 0.2073, 0.9424
 5, 0.5, 0.034059, 1, 4, 0.2046, 0.0521, 0.9885
 5, 0.6, 0.065115, 1, 3, 0.2093, 0.0689, 0.9367
 5, 0.6, 0.059666, 1, 4, 0.2809
 5, 0.6, 0.057966, 1, 4, 0.8003, 0.0639
 5, 0.6, 0.068557, 1, 4, 0.2491, 0.7747, 0.1442
 5, 0.6, 0.047539, 1, 3, 0.0634, 0.2352, 0.7918
 5, 0.6, 0.044944, 1, 4, 0.6672
 5, 0.6, 0.034928, 1, 4, 0.3582, 0.7253
 5, 0.6, 0.030332, 1, 4, 0.4252, 0.0184, 0.1171
 5, 0.6, 0.039749, 1, 3, 0.0434, 0.3550, 0.9625
 5, 0.6, 0.014142, 1, 4, 0.0454
 5, 0.7, 0.058481, 1, 3, 0.0496, 0.2519, 0.5237
 5, 0.7, 0.053104, 1, 4, 0.4489, 0.0547, 0.7183
 5, 0.7, 0.049800, 2, 4, 0.0747, 0.1819, 0.8527
 5, 0.7, 0.029326, 1, 3, 0.3331, 0.0677, 0.7890
 5, 0.7, 0.037148, 1, 4, 0.3529, 0.2626, 0.5143
 5, 0.7, 0.044944, 2, 4, 0.0388, 0.5649, 0.9525
 5, 0.7, 0.045607, 1, 3, 0.0381, 0.8357
 5, 0.7, 0.034771, 1, 3, 0.0047, 0.5665, 0.1295
 5, 0.7, 0.031129, 1, 4, 0.7147, 0.5336, 0.1528
 5, 0.7, 0.026458, 2, 4, 0.0809, 0.3607, 0.9118
 5, 0.8, 0.033897, 1, 3, 0.2208, 0.4447
 5, 0.8, 0.040497, 1, 3, 0.3010, 0.7822, 0.9952
 5, 0.8, 0.044045, 1, 4, 0.6591, 0.4023, 0.6724
 5, 0.8, 0.043589, 2, 3, 0.0121, 0.6895, 0.8851
 5, 0.8, 0.029326, 2, 4, 0.7299
 5, 0.8, 0.038846, 2, 4, 0.1711, 0.8272
 5, 0.8, 0.035214, 2, 4, 0.2635, 0.9563, 0.8116
 5, 0.8, 0.035777, 3, 3, 0.0037, 0.3915, 0.9543
 5, 0.8, 0.050596, 3, 4, 0.7517
 5, 0.8, 0.037269, 3, 4, 0.2002, 0.9953
 5, 0.9, 0.037417, 1, 2, 0.0890, 0.0980, 0.8316
 5, 0.9, 0.021448, 1, 3, 0.5552, 0.6610, 0.5752
 5, 0.9, 0.035214, 2, 3, 0.0764, 0.9821
 5, 0.9, 0.024495, 2, 3, 0.2117, 0.9644, 0.7012
 5, 0.9, 0.033466, 2, 4, 0.7785, 0.5576, 0.9420
 5, 0.9, 0.030000, 3, 3, 0.0796, 0.3233, 0.3084
 5, 0.9, 0.034641, 3, 4, 0.6772, 0.2542, 0.6512
 5, 0.9, 0.037683, 4, 3, 0.3723, 0.4253, 0.7314
 5, 0.9, 0.026077, 4, 4, 0.4272
 5, 0.9, 0.037417, 4, 4, 0.8807, 0.6535
