 7, 0.0, 0.000000, 1, 7, 0.0000
 7, 0.0, 0.000000, 1, 7, 0.0000
 7, 0.0, 0.000000, 1, 7, 0.0000
 7, 0.0, 0.000000, 1, 7, 0.0000
 7, 0.0, 0.000000, 1, 7, 0.0000
 7, 0.0, 0.000000, 1, 7, 0.0000
 7, 0.0, 0.000000, 1, 7, 0.0000
 7, 0.0, 0.000000, 1, 7, 0.0000
 7, 0.0, 0.000000, 1, 7, 0.0000
 7, 0.0, 0.000000, 1, 7, 0.0000
 7, 0.1, 0.046260, 1, 7, 0.9935, 0.8550
 7, 0.1, 0.041952, 1, 7, 0.5889, 0.9217, 0.8565
 7, 0.1, 0.024083, 2, 7, 0.9805, 0.5113, 0.7398
 7, 0.1, 0.022804, 3, 7, 0.5583, 0.9833, 0.8327
 7, 0.1, 0.038987, 4, 7, 0.5872, 0.8112, 0.3942
 7, 0.1, 0.031623, 5, 7, 0.5681, 0.9812, 0.9451
 7, 0.1, 0.035496, 6, 7, 0.5809, 0.8629, 0.8621
 7, 0.1, 0.029326, 1, 7, 0.5230, 0.8649, 0.6861
 7, 0.1, 0.024495, 2, 7, 0.6197, 0.7682, 0.2552
 7, 0.1, 0.045166, 3, 7, 0.9767, 0.9782
 7, 0.2, 0.053104, 1, 6, 0.0459, 0.7593
 7, 0.2, 0.039102, 1, 6, 0.1046, 0.9720, 0.2518
 7, 0.2, 0.043359, 1, 7, 0.8778, 0.7509, 0.3701
 7, 0.2, 0.050200, 2, 6, 0.0402, 0.8609
 7, 0.2, 0.058992, 2, 6, 0.0627, 0.9822, 0.0508
 7, 0.2, 0.061229, 2, 7, 0.7839, 0.9917, 0.3020
 7, 0.2, 0.046904, 3, 6, 0.9908
 7, 0.2, 0.033897, 3, 6, 0.1052, 0.9598
 7, 0.2, 0.053292, 4, 6, 0.0656, 0.9570
 7, 0.2, 0.047329, 4, 7, 0.8042, 0.8852, 0.7294
 7, 0.3, 0.054672, 1, 5, 0.0289, 0.0581, 0.8688
 7, 0.3, 0.054589, 1, 6, 0.0191
 7, 0.3, 0.055758, 1, 6, 0.1186, 0.4445
 7, 0.3, 0.064343, 1, 6, 0.9540, 0.3061, 0.0305
 7, 0.3, 0.050794, 2, 6, 0.0212
 7, 0.3, 0.075895, 2, 6, 0.4886, 0.8343
 7, 0.3, 0.104254, 2, 6, 0.9978, 0.0570, 0.7286
 7, 0.3, 0.046476, 3, 6, 0.2306, 0.8933, 0.6095
 7, 0.3, 0.041952, 4, 6, 0.7299
 7, 0.3, 0.047329, 4, 6, 0.0034, 0.6693, 0.8509
 7, 0.4, 0.052048, 1, 5, 0.2559, 0.9481
 7, 0.4, 0.030659, 1, 5, 0.0142, 0.0521, 0.5439
 7, 0.4, 0.046260, 1, 6, 0.4579, 0.7378, 0.4426
 7, 0.4, 0.068476, 2, 6, 0.2183
 7, 0.4, 0.064498, 2, 6, 0.2040, 0.3297
 7, 0.4, 0.074357, 2, 6, 0.4504, 0.0188, 0.0076
 7, 0.4, 0.045387, 3, 6, 0.8145, 0.2945
 7, 0.4, 0.036332, 3, 6, 0.7789, 0.7035, 0.0040
 7, 0.4, 0.112734, 4, 6, 0.0003, 0.1718
 7, 0.4, 0.070285, 4, 6, 0.2780, 0.8101, 0.6458
 7, 0.5, 0.063087, 1, 5, 0.2311, 0.6882
 7, 0.5, 0.082825, 1, 5, 0.2093, 0.8814, 0.4560
 7, 0.5, 0.076551, 2, 5, 0.0772, 0.3024, 0.9509
 7, 0.5, 0.055498, 2, 6, 0.4158, 0.2477, 0.0784
 7, 0.5, 0.049598, 3, 5, 0.0607, 0.2272, 0.8373
 7, 0.5, 0.045166, 3, 6, 0.3988, 0.3413, 0.0675
 7, 0.5, 0.060000, 4, 5, 0.0372, 0.0816, 0.8221
 7, 0.5, 0.079246, 4, 6, 0.7372, 0.3240, 0.4960
 7, 0.5, 0.043589, 5, 6, 0.6409, 0.3996
 7, 0.5, 0.065422, 5, 6, 0.2416, 0.2557, 0.5605
 7, 0.6, 0.041713, 1, 4, 0.4480, 0.1458, 0.9364
 7, 0.6, 0.065490, 1, 5, 0.1908
 7, 0.6, 0.084261, 1, 5, 0.9690, 0.9644
 7, 0.6, 0.064031, 1, 5, 0.4394, 0.5731, 0.6547
 7, 0.6, 0.040249, 2, 4, 0.1547, 0.0472, 0.9108
 7, 0.6, 0.064962, 2, 5, 0.5384, 0.9610
 7, 0.6, 0.040608, 2, 5, 0.1694, 0.6634, 0.2093
 7, 0.6, 0.074492, 3, 5, 0.0857, 0.7112
 7, 0.6, 0.046043, 3, 5, 0.0241, 0.2987, 0.5531
 7, 0.6, 0.059405, 4, 5, 0.0077, 0.3755, 0.5658
 7, 0.7, 0.064722, 1, 4, 0.4013, 0.0181, 0.3803
 7, 0.7, 0.049800, 1, 5, 0.6868
 7, 0.7, 0.052621, 1, 5, 0.9070, 0.5303
 7, 0.7, 0.039611, 1, 5, 0.7197, 0.3421, 0.1142
 7, 0.7, 0.037683, 2, 4, 0.0814, 0.2287, 0.9001
 7, 0.7, 0.057871, 2, 5, 0.1376
 7, 0.7, 0.045607, 2, 5, 0.6514, 0.6698
 7, 0.7, 0.054672, 2, 5, 0.6915, 0.0502, 0.5731
 7, 0.7, 0.048166, 3, 4, 0.0735, 0.1484, 0.8847
 7, 0.7, 0.058043, 3, 5, 0.7812, 0.9084
 7, 0.8, 0.036878, 1, 3, 0.0374, 0.0036, 0.9429
 7, 0.8, 0.036878, 1, 4, 0.4318
 7, 0.8, 0.036332, 1, 4, 0.1785, 0.5362
 7, 0.8, 0.035057, 1, 4, 0.7352, 0.5300, 0.7692
 7, 0.8, 0.056569, 2, 4, 0.0074, 0.4988, 0.5183
 7, 0.8, 0.057619, 2, 5, 0.5415
 7, 0.8, 0.047000, 2, 5, 0.6523, 0.2232
 7, 0.8, 0.062610, 2, 5, 0.8599, 0.4521, 0.0225
 7, 0.8, 0.040853, 3, 4, 0.0122, 0.5227, 0.9977
 7, 0.8, 0.060992, 3, 5, 0.6156, 0.7769, 0.2106
 7, 0.9, 0.030984, 1, 3, 0.6108
 7, 0.9, 0.016733, 1, 3, 0.0597, 0.4748
 7, 0.9, 0.033466, 1, 3, 0.7011, 0.0930, 0.6244
 7, 0.9, 0.026833, 2, 3, 0.0151, 0.0042, 0.7221
 7, 0.9, 0.020000, 2, 4, 0.2323, 0.4268
 7, 0.9, 0.038987, 2, 4, 0.4105, 0.3501, 0.3256
 7, 0.9, 0.028792, 3, 4, 0.0206, 0.2203
 7, 0.9, 0.026077, 3, 4, 0.6594, 0.1905, 0.8851
 7, 0.9, 0.035214, 3, 5, 0.6168, 0.2246, 0.0585
 7, 0.9, 0.032558, 4, 4, 0.4418, 0.1495, 0.9400
