 9, 0.0, 0.000000, 1, 9, 0.0000
 9, 0.0, 0.000000, 1, 9, 0.0000
 9, 0.0, 0.000000, 1, 9, 0.0000
 9, 0.0, 0.000000, 1, 9, 0.0000
 9, 0.0, 0.000000, 1, 9, 0.0000
 9, 0.0, 0.000000, 1, 9, 0.0000
 9, 0.0, 0.000000, 1, 9, 0.0000
 9, 0.0, 0.000000, 1, 9, 0.0000
 9, 0.0, 0.000000, 1, 9, 0.0000
 9, 0.0, 0.000000, 1, 9, 0.0000
 9, 0.1, 0.029326, 1, 7, 0.0217, 0.9611
 9, 0.1, 0.029326, 1, 7, 0.0364, 0.4864, 0.9676
 9, 0.1, 0.036878, 1, 8, 0.4240, 0.9047
 9, 0.1, 0.030984, 1, 8, 0.7787, 0.2648, 0.9097
 9, 0.1, 0.027203, 1, 9, 0.9839, 0.9329, 0.9831
 9, 0.1, 0.026833, 2, 8, 0.7639, 0.0673
 9, 0.1, 0.033466, 2, 8, 0.0523, 0.7959, 0.5130
 9, 0.1, 0.028636, 2, 9, 0.8855, 0.9944, 0.9891
 9, 0.1, 0.053292, 3, 8, 0.5522, 0.8582
 9, 0.1, 0.040988, 3, 8, 0.9778, 0.2030, 0.6818
 9, 0.2, 0.044272, 1, 7, 0.3131, 0.6050, 0.9567
 9, 0.2, 0.037417, 1, 8, 0.2178, 0.3869
 9, 0.2, 0.035496, 1, 8, 0.5117, 0.2348, 0.0108
 9, 0.2, 0.026077, 2, 7, 0.1657, 0.8653
 9, 0.2, 0.041952, 2, 7, 0.3332, 0.9943, 0.2432
 9, 0.2, 0.036878, 2, 8, 0.4503, 0.1694
 9, 0.2, 0.036878, 2, 8, 0.2114, 0.2859, 0.4954
 9, 0.2, 0.038730, 3, 7, 0.0557, 0.8522
 9, 0.2, 0.042895, 3, 7, 0.1059, 0.6940, 0.8426
 9, 0.2, 0.062290, 3, 8, 0.5124, 0.5615
 9, 0.3, 0.027203, 1, 6, 0.2227, 0.0808, 0.9480
 9, 0.3, 0.035341, 1, 7, 0.7878, 0.8603
 9, 0.3, 0.061644, 1, 7, 0.3734, 0.8385, 0.2739
 9, 0.3, 0.041340, 2, 7, 0.5329, 0.9186
 9, 0.3, 0.070064, 2, 7, 0.1010, 0.0420, 0.6556
 9, 0.3, 0.079373, 2, 8, 0.5499, 0.3913, 0.3738
 9, 0.3, 0.089716, 3, 7, 0.5751, 0.9212
 9, 0.3, 0.040000, 3, 7, 0.4445, 0.9298, 0.6951
 9, 0.3, 0.061319, 3, 8, 0.4107, 0.3445, 0.3533
 9, 0.3, 0.048785, 4, 7, 0.1062, 0.6918
 9, 0.4, 0.066933, 1, 6, 0.0532, 0.7696, 0.9203
 9, 0.4, 0.037947, 1, 7, 0.1268
 9, 0.4, 0.058215, 1, 7, 0.0891, 0.1524
 9, 0.4, 0.048785, 1, 7, 0.5433, 0.5690, 0.8054
 9, 0.4, 0.059666, 2, 6, 0.1953, 0.0243, 0.9045
 9, 0.4, 0.047539, 2, 7, 0.0671, 0.1726
 9, 0.4, 0.062522, 2, 7, 0.8257, 0.9456, 0.1447
 9, 0.4, 0.043818, 3, 6, 0.0965, 0.3161, 0.9859
 9, 0.4, 0.057524, 3, 7, 0.4767, 0.7476
 9, 0.4, 0.068848, 3, 7, 0.3419, 0.7173, 0.2089
 9, 0.5, 0.053479, 1, 6, 0.0069, 0.0089
 9, 0.5, 0.046043, 1, 6, 0.2619, 0.4110, 0.6573
 9, 0.5, 0.054406, 1, 7, 0.3538, 0.1548
 9, 0.5, 0.071694, 1, 7, 0.9737, 0.6970, 0.7906
 9, 0.5, 0.043128, 2, 6, 0.0131, 0.7187, 0.7144
 9, 0.5, 0.070143, 2, 7, 0.5324
 9, 0.5, 0.073485, 2, 7, 0.9768, 0.0135
 9, 0.5, 0.059666, 2, 7, 0.7272, 0.1336, 0.6469
 9, 0.5, 0.058822, 3, 6, 0.0055, 0.3895, 0.6765
 9, 0.5, 0.075233, 3, 7, 0.8336, 0.0006, 0.4871
 9, 0.6, 0.069714, 1, 5, 0.0105, 0.0788, 0.9982
 9, 0.6, 0.049396, 1, 6, 0.2994
 9, 0.6, 0.055937, 1, 6, 0.0556, 0.1309
 9, 0.6, 0.054406, 1, 6, 0.7801, 0.8836, 0.9358
 9, 0.6, 0.103291, 2, 6, 0.0175, 0.2128
 9, 0.6, 0.077071, 2, 6, 0.8961, 0.2668, 0.9176
 9, 0.6, 0.044944, 2, 7, 0.4818, 0.0734
 9, 0.6, 0.058898, 2, 7, 0.8997, 0.4211, 0.5752
 9, 0.6, 0.060000, 3, 6, 0.0230
 9, 0.6, 0.051575, 3, 6, 0.0641, 0.0010, 0.2185
 9, 0.7, 0.063087, 1, 5, 0.0743, 0.0280
 9, 0.7, 0.051962, 1, 5, 0.0149, 0.3154, 0.9776
 9, 0.7, 0.047749, 1, 6, 0.3812, 0.2002
 9, 0.7, 0.049598, 1, 6, 0.4186, 0.0492, 0.1063
 9, 0.7, 0.057697, 2, 5, 0.0400, 0.0585, 0.9846
 9, 0.7, 0.052726, 2, 6, 0.2268
 9, 0.7, 0.053666, 2, 6, 0.1737, 0.5867
 9, 0.7, 0.045826, 2, 6, 0.4789, 0.9754, 0.4685
 9, 0.7, 0.063875, 3, 5, 0.1343, 0.0328, 0.9955
 9, 0.7, 0.070774, 3, 6, 0.1616, 0.0202
 9, 0.8, 0.035623, 1, 4, 0.0103, 0.0293
 9, 0.8, 0.043589, 1, 4, 0.0108, 0.0932, 0.5853
 9, 0.8, 0.059068, 1, 5, 0.0858, 0.4544
 9, 0.8, 0.030659, 1, 5, 0.2665, 0.6151, 0.8712
 9, 0.8, 0.056921, 2, 5, 0.1860
 9, 0.8, 0.041473, 2, 5, 0.1261, 0.8914
 9, 0.8, 0.036606, 2, 5, 0.1246, 0.0821, 0.2335
 9, 0.8, 0.070285, 2, 6, 0.6154, 0.2627
 9, 0.8, 0.050990, 2, 6, 0.8174, 0.2878, 0.1705
 9, 0.8, 0.050794, 3, 5, 0.0317, 0.0997
 9, 0.9, 0.020494, 1, 3, 0.0016, 0.0308
 9, 0.9, 0.020494, 1, 3, 0.1195, 0.0097, 0.7842
 9, 0.9, 0.044944, 1, 4, 0.2271, 0.8512
 9, 0.9, 0.045387, 1, 4, 0.7441, 0.0965, 0.4453
 9, 0.9, 0.032249, 2, 4, 0.4053
 9, 0.9, 0.022804, 2, 4, 0.8131, 0.0466
 9, 0.9, 0.036606, 2, 4, 0.0673, 0.7369, 0.7387
 9, 0.9, 0.038210, 2, 5, 0.9723, 0.1985
 9, 0.9, 0.037947, 2, 5, 0.7122, 0.1744, 0.1549
 9, 0.9, 0.036056, 3, 4, 0.1047, 0.0842, 0.8553
