 4, 0.0, 0.000000, 1, 4, 0.0000
 4, 0.0, 0.000000, 1, 4, 0.0000
 4, 0.0, 0.000000, 1, 4, 0.0000
 4, 0.0, 0.000000, 1, 4, 0.0000
 4, 0.0, 0.000000, 1, 4, 0.0000
 4, 0.0, 0.000000, 1, 4, 0.0000
 4, 0.0, 0.000000, 1, 4, 0.0000
 4, 0.0, 0.000000, 1, 4, 0.0000
 4, 0.0, 0.000000, 1, 4, 0.0000
 4, 0.0, 0.000000, 1, 4, 0.0000
 4, 0.1, 0.012872, 1, 3, 0.2192, 0.1231, 0.9410
 4, 0.1, 0.017757, 1, 4, 0.1375, 0.8902
 4, 0.1, 0.014800, 1, 4, 0.8910, 0.3154, 0.3069
 4, 0.1, 0.012014, 2, 4, 0.2021, 0.8711
 4, 0.1, 0.017486, 2, 4, 0.2172, 0.6147, 0.4017
 4, 0.1, 0.008582, 3, 4, 0.2536, 0.9660
 4, 0.1, 0.020602, 3, 4, 0.0286, 0.9059, 0.3696
 4, 0.1, 0.008542, 1, 3, 0.1060, 0.1657, 0.5778
 4, 0.1, 0.009485, 1, 4, 0.0513, 0.8745
 4, 0.1, 0.020757, 1, 4, 0.7422, 0.8498, 0.1017
 4, 0.2, 0.014597, 1, 3, 0.5515, 0.3674
 4, 0.2, 0.017785, 1, 3, 0.3601, 0.2942, 0.6956
 4, 0.2, 0.027243, 2, 3, 0.0580, 0.9097
 4, 0.2, 0.020039, 2, 3, 0.0043, 0.8596, 0.1842
 4, 0.2, 0.017819, 1, 3, 0.4303, 0.4504
 4, 0.2, 0.021921, 1, 3, 0.4738, 0.8771, 0.0167
 4, 0.2, 0.022315, 2, 3, 0.1368, 0.9732
 4, 0.2, 0.015564, 2, 3, 0.0603, 0.9656, 0.1964
 4, 0.2, 0.018524, 1, 3, 0.3855, 0.9707
 4, 0.2, 0.028557, 1, 3, 0.2122, 0.7168, 0.6549
 4, 0.3, 0.025367, 2, 3, 0.2073, 0.6951
 4, 0.3, 0.017403, 1, 2, 0.3361, 0.6793
 4, 0.3, 0.022080, 1, 2, 0.1149, 0.4697, 0.3056
 4, 0.3, 0.022284, 2, 3, 0.3142, 0.8911
 4, 0.3, 0.023682, 2, 3, 0.1910, 0.9789, 0.5732
 4, 0.3, 0.024051, 3, 3, 0.1929, 0.8572
 4, 0.3, 0.017751, 3, 3, 0.2736, 0.9201, 0.2238
 4, 0.3, 0.035412, 2, 3, 0.3901, 0.9431
 4, 0.3, 0.026892, 2, 3, 0.1218, 0.6627, 0.2294
 4, 0.3, 0.026124, 3, 3, 0.1262, 0.9010, 0.1931
 4, 0.4, 0.025569, 1, 2, 0.4008, 0.4629
 4, 0.4, 0.033835, 1, 2, 0.0017, 0.2819, 0.7454
 4, 0.4, 0.027749, 2, 3, 0.8229
 4, 0.4, 0.025053, 2, 3, 0.1947, 0.3656
 4, 0.4, 0.027286, 2, 3, 0.1809, 0.4026, 0.0689
 4, 0.4, 0.031254, 3, 3, 0.3294, 0.8455
 4, 0.4, 0.031188, 3, 3, 0.2937, 0.8538, 0.2353
 4, 0.4, 0.029192, 2, 3, 0.4714, 0.7873
 4, 0.4, 0.032456, 2, 3, 0.2652, 0.5068, 0.0442
 4, 0.4, 0.044711, 3, 3, 0.2282, 0.8551, 0.2559
 4, 0.5, 0.014831, 1, 2, 0.3194
 4, 0.5, 0.018299, 1, 2, 0.9718, 0.9604
 4, 0.5, 0.035259, 1, 2, 0.5149, 0.2275, 0.7677
 4, 0.5, 0.032125, 2, 3, 0.2783
 4, 0.5, 0.033348, 2, 3, 0.3003, 0.1418
 4, 0.5, 0.027045, 2, 3, 0.4045, 0.7735, 0.9894
 4, 0.5, 0.073871, 3, 3, 0.4217, 0.9468
 4, 0.5, 0.037291, 3, 3, 0.3141, 0.8026, 0.3509
 4, 0.5, 0.033127, 1, 2, 0.2519
 4, 0.5, 0.023296, 1, 2, 0.9432, 0.8629
 4, 0.6, 0.030212, 3, 3, 0.6440, 0.9020, 0.3170
 4, 0.6, 0.049957, 3, 3, 0.4212, 0.7284
 4, 0.6, 0.065544, 3, 3, 0.7388
 4, 0.6, 0.046765, 3, 3, 0.9596, 0.2404
 4, 0.6, 0.024796, 3, 3, 0.1028, 0.1459, 0.8061
 4, 0.6, 0.019878, 3, 3, 0.4822, 0.1386, 0.6772
 4, 0.6, 0.045220, 3, 3, 0.4736, 0.8943
 4, 0.6, 0.035627, 3, 3, 0.9984, 0.1159, 0.3071
 4, 0.6, 0.033146, 3, 3, 0.8659, 0.1678
 4, 0.6, 0.066958, 3, 3, 0.5536, 0.9414
 4, 0.7, 0.030942, 3, 3, 0.7330, 0.0866
 4, 0.7, 0.036475, 3, 3, 0.2201, 0.7441, 0.5480
 4, 0.7, 0.049026, 3, 3, 0.7234, 0.9896
 4, 0.7, 0.030027, 3, 3, 0.5594, 0.0921, 0.2328
 4, 0.7, 0.052613, 3, 3, 0.7132, 0.0604
 4, 0.7, 0.034948, 3, 3, 0.3786, 0.9331, 0.8083
 4, 0.7, 0.054027, 3, 3, 0.6672, 0.8684
 4, 0.7, 0.034652, 3, 3, 0.5848, 0.4336, 0.7793
 4, 0.7, 0.034058, 3, 3, 0.2854, 0.9000, 0.7928
 4, 0.7, 0.084792, 3, 3, 0.2848, 0.5548
 4, 0.8, 0.036636, 3, 3, 0.2140, 0.4553
 4, 0.8, 0.021105, 3, 3, 0.6839, 0.4721, 0.9037
 4, 0.8, 0.041326, 3, 3, 0.7490, 0.5517
 4, 0.8, 0.019375, 3, 3, 0.6880, 0.6148, 0.8063
 4, 0.8, 0.045304, 3, 3, 0.5466
 4, 0.8, 0.041039, 3, 3, 0.9417, 0.9677
 4, 0.8, 0.029111, 3, 3, 0.0498, 0.2761, 0.7722
 4, 0.8, 0.043382, 3, 3, 0.9196, 0.7959
 4, 0.8, 0.028573, 3, 3, 0.9107, 0.6603, 0.0032
 4, 0.8, 0.048156, 3, 3, 0.5732
 4, 0.9, 0.017348, 3, 3, 0.4085
 4, 0.9, 0.021772, 3, 3, 0.1093, 0.2395
 4, 0.9, 0.014918, 3, 3, 0.2039, 0.2015, 0.2759
 4, 0.9, 0.024535, 3, 3, 0.4020, 0.1921
 4, 0.9, 0.016505, 3, 3, 0.9635, 0.4283, 0.8409
 4, 0.9, 0.028037, 3, 3, 0.3998
 4, 0.9, 0.018070, 3, 3, 0.3923, 0.1598
 4, 0.9, 0.012125, 3, 3, 0.0784, 0.2359, 0.1739
 4, 0.9, 0.014799, 3, 3, 0.3724
 4, 0.9, 0.022807, 3, 3, 0.4507, 0.1425
