 8, 0.0, 0.000000, 1, 8, 0.0000
 8, 0.0, 0.000000, 1, 8, 0.0000
 8, 0.0, 0.000000, 1, 8, 0.0000
 8, 0.0, 0.000000, 1, 8, 0.0000
 8, 0.0, 0.000000, 1, 8, 0.0000
 8, 0.0, 0.000000, 1, 8, 0.0000
 8, 0.0, 0.000000, 1, 8, 0.0000
 8, 0.0, 0.000000, 1, 8, 0.0000
 8, 0.0, 0.000000, 1, 8, 0.0000
 8, 0.0, 0.000000, 1, 8, 0.0000
 8, 0.1, 0.017570, 1, 5, 0.0937
 8, 0.1, 0.018318, 1, 5, 0.0727, 0.0423
 8, 0.1, 0.012774, 1, 5, 0.7311, 0.4638, 0.8408
 8, 0.1, 0.021498, 2, 5, 0.0818, 0.6792, 0.7594
 8, 0.1, 0.022271, 2, 6, 0.7923, 0.3807
 8, 0.1, 0.016996, 2, 6, 0.4834, 0.4444, 0.4097
 8, 0.1, 0.028741, 3, 5, 0.0275, 0.2093, 0.5577
 8, 0.1, 0.010021, 3, 6, 0.6678
 8, 0.1, 0.018309, 3, 6, 0.6883, 0.5156
 8, 0.1, 0.014680, 3, 6, 0.8124, 0.5906, 0.6065
 8, 0.2, 0.034014, 1, 4, 0.0679, 0.0676
 8, 0.2, 0.031272, 1, 4, 0.4543, 0.0270, 0.8441
 8, 0.2, 0.021385, 1, 5, 0.7124, 0.1266
 8, 0.2, 0.024402, 1, 5, 0.7617, 0.2564, 0.3806
 8, 0.2, 0.033158, 2, 4, 0.0138, 0.1634, 0.8772
 8, 0.2, 0.021719, 2, 5, 0.2868, 0.6568
 8, 0.2, 0.013868, 2, 5, 0.4704, 0.3280, 0.4521
 8, 0.2, 0.033117, 3, 5, 0.1170
 8, 0.2, 0.023281, 3, 5, 0.0902, 0.0696
 8, 0.2, 0.030626, 3, 5, 0.1223, 0.0537, 0.1190
 8, 0.3, 0.012396, 1, 3, 0.1096, 0.0556, 0.9495
 8, 0.3, 0.024826, 1, 4, 0.3414, 0.9496
 8, 0.3, 0.027786, 1, 4, 0.6147, 0.0472, 0.4117
 8, 0.3, 0.024801, 2, 4, 0.0534, 0.1823
 8, 0.3, 0.024720, 2, 4, 0.7017, 0.0216, 0.8426
 8, 0.3, 0.023306, 2, 5, 0.9689, 0.7224, 0.3752
 8, 0.3, 0.020100, 3, 4, 0.2340, 0.0152, 0.7703
 8, 0.3, 0.039843, 3, 5, 0.5428
 8, 0.3, 0.028358, 3, 5, 0.4262, 0.3167
 8, 0.3, 0.029954, 3, 5, 0.5284, 0.6657, 0.4852
 8, 0.4, 0.040568, 1, 3, 0.1193, 0.9534
 8, 0.4, 0.030650, 1, 3, 0.4538, 0.1382, 0.8168
 8, 0.4, 0.022120, 1, 4, 0.8794, 0.4675, 0.0402
 8, 0.4, 0.027918, 2, 4, 0.5818
 8, 0.4, 0.017222, 2, 4, 0.3610, 0.9870
 8, 0.4, 0.044164, 2, 4, 0.1376, 0.4732, 0.1842
 8, 0.4, 0.030422, 3, 4, 0.0468
 8, 0.4, 0.031481, 3, 4, 0.0029, 0.1280
 8, 0.4, 0.025107, 3, 4, 0.0797, 0.3570, 0.9002
 8, 0.4, 0.042533, 3, 5, 0.9963, 0.5145
 8, 0.5, 0.036891, 1, 3, 0.5238, 0.9834
 8, 0.5, 0.036601, 1, 3, 0.9990, 0.0601, 0.2096
 8, 0.5, 0.049362, 2, 3, 0.0109
 8, 0.5, 0.034844, 2, 3, 0.0200, 0.7564
 8, 0.5, 0.032800, 2, 3, 0.1295, 0.0019, 0.2372
 8, 0.5, 0.031204, 2, 4, 0.7468, 0.4856
 8, 0.5, 0.024913, 2, 4, 0.5980, 0.2736, 0.1524
 8, 0.5, 0.040619, 3, 4, 0.1304, 0.3212
 8, 0.5, 0.025583, 3, 4, 0.5062, 0.3252, 0.8730
 8, 0.5, 0.104840, 4, 4, 0.1133, 0.0531, 0.8263
 8, 0.6, 0.047355, 1, 2, 0.1174
 8, 0.6, 0.027852, 1, 2, 0.0399, 0.7772
 8, 0.6, 0.039138, 1, 2, 0.0263, 0.2085, 0.1120
 8, 0.6, 0.028602, 1, 3, 0.9855, 0.5515, 0.5702
 8, 0.6, 0.022638, 2, 3, 0.2954
 8, 0.6, 0.039333, 2, 3, 0.2077, 0.6612
 8, 0.6, 0.027366, 2, 3, 0.2513, 0.3992, 0.6567
 8, 0.6, 0.021522, 3, 4, 0.5119, 0.2022
 8, 0.6, 0.040244, 3, 4, 0.4124, 0.3379, 0.1943
 8, 0.6, 0.062998, 4, 4, 0.2901, 0.0388, 0.8215
 8, 0.7, 0.029386, 1, 2, 0.5229
 8, 0.7, 0.031279, 1, 2, 0.4290, 0.5175
 8, 0.7, 0.025755, 1, 2, 0.4270, 0.4365, 0.6940
 8, 0.7, 0.025069, 2, 3, 0.8983, 0.1794
 8, 0.7, 0.020093, 2, 3, 0.7122, 0.6926, 0.9024
 8, 0.7, 0.018553, 3, 4, 0.7181, 0.7273, 0.3116
 8, 0.7, 0.071266, 4, 4, 0.4290, 0.0686, 0.8363
 8, 0.7, 0.041793, 5, 4, 0.0685, 0.1425, 0.7823
 8, 0.7, 0.034214, 5, 5, 0.6896, 0.8781
 8, 0.7, 0.028384, 5, 5, 0.6728, 0.7204, 0.0347
 8, 0.8, 0.035397, 3, 3, 0.1058, 0.0659, 0.7409
 8, 0.8, 0.039812, 4, 4, 0.1398
 8, 0.8, 0.028775, 4, 4, 0.0714, 0.2836
 8, 0.8, 0.037388, 4, 4, 0.1148, 0.4438, 0.5440
 8, 0.8, 0.046126, 5, 4, 0.0272
 8, 0.8, 0.023135, 5, 4, 0.0050, 0.0089
 8, 0.8, 0.025984, 5, 4, 0.1358, 0.2982, 0.5110
 8, 0.8, 0.032419, 5, 5, 0.9795, 0.5908
 8, 0.8, 0.019658, 1, 2, 0.9813, 0.8408, 0.4313
 8, 0.8, 0.025772, 3, 3, 0.1328, 0.0607, 0.7137
 8, 0.9, 0.025089, 3, 3, 0.1004
 8, 0.9, 0.021073, 3, 3, 0.1949, 0.9625
 8, 0.9, 0.025578, 3, 3, 0.0883, 0.6929, 0.5404
 8, 0.9, 0.024111, 4, 3, 0.1246, 0.1299, 0.4950
 8, 0.9, 0.025567, 4, 4, 0.6361
 8, 0.9, 0.022035, 4, 4, 0.3721, 0.9966
 8, 0.9, 0.017683, 4, 4, 0.4391, 0.5176, 0.9989
 8, 0.9, 0.022629, 5, 3, 0.0056, 0.1054, 0.8660
 8, 0.9, 0.011622, 5, 4, 0.5000
 8, 0.9, 0.009485, 5, 4, 0.2648, 0.1909
