 5, 0.0, 0.000000, 1, 5, 0.0000
 5, 0.0, 0.000000, 1, 5, 0.0000
 5, 0.0, 0.000000, 1, 5, 0.0000
 5, 0.0, 0.000000, 1, 5, 0.0000
 5, 0.0, 0.000000, 1, 5, 0.0000
 5, 0.0, 0.000000, 1, 5, 0.0000
 5, 0.0, 0.000000, 1, 5, 0.0000
 5, 0.0, 0.000000, 1, 5, 0.0000
 5, 0.0, 0.000000, 1, 5, 0.0000
 5, 0.0, 0.000000, 1, 5, 0.0000
 5, 0.1, 0.015445, 1, 3, 0.0122, 0.8081
 5, 0.1, 0.007731, 1, 3, 0.0588, 0.9250, 0.7373
 5, 0.1, 0.015712, 1, 4, 0.8076, 0.2472, 0.3900
 5, 0.1, 0.011539, 2, 4, 0.0787, 0.9350
 5, 0.1, 0.012609, 2, 4, 0.1272, 0.3387, 0.8746
 5, 0.1, 0.016410, 3, 4, 0.0230, 0.4970, 0.7788
 5, 0.1, 0.013914, 1, 3, 0.0219, 0.8461
 5, 0.1, 0.012807, 1, 3, 0.1120, 0.5693, 0.6733
 5, 0.1, 0.016332, 1, 4, 0.6708, 0.7549, 0.2427
 5, 0.1, 0.017256, 2, 4, 0.1211, 0.9925
 5, 0.2, 0.020215, 1, 3, 0.4843, 0.9666
 5, 0.2, 0.021791, 1, 3, 0.4855, 0.9562, 0.1834
 5, 0.2, 0.035153, 2, 4, 0.3349, 0.3391, 0.4775
 5, 0.2, 0.034624, 3, 4, 0.6225
 5, 0.2, 0.033990, 3, 4, 0.8276, 0.0712
 5, 0.2, 0.014328, 3, 4, 0.1144, 0.2929, 0.3295
 5, 0.2, 0.018672, 1, 3, 0.1807, 0.4581
 5, 0.2, 0.019136, 1, 3, 0.3481, 0.7160, 0.3590
 5, 0.2, 0.023570, 2, 4, 0.4663, 0.1392
 5, 0.2, 0.024393, 2, 4, 0.3752, 0.5055, 0.7229
 5, 0.3, 0.034405, 1, 3, 0.5391
 5, 0.3, 0.021160, 1, 3, 0.6160, 0.4309
 5, 0.3, 0.028310, 1, 3, 0.5472, 0.3622, 0.0094
 5, 0.3, 0.049741, 4, 4, 0.6725
 5, 0.3, 0.030041, 4, 4, 0.7234, 0.6611
 5, 0.3, 0.037697, 4, 4, 0.0154, 0.2855, 0.2626
 5, 0.3, 0.026532, 1, 3, 0.5073, 0.2862
 5, 0.3, 0.023571, 1, 3, 0.7678, 0.9175, 0.5650
 5, 0.3, 0.042781, 4, 4, 0.6085
 5, 0.3, 0.038791, 4, 4, 0.7282, 0.4806
 5, 0.4, 0.057800, 4, 4, 0.3807, 0.5978
 5, 0.4, 0.018084, 4, 4, 0.5218, 0.5921, 0.7385
 5, 0.4, 0.059975, 4, 4, 0.1798, 0.5610
 5, 0.4, 0.039233, 4, 4, 0.4923, 0.6128, 0.0708
 5, 0.4, 0.042004, 4, 4, 0.5930, 0.8602
 5, 0.4, 0.041616, 4, 4, 0.3083, 0.3973, 0.3827
 5, 0.4, 0.040975, 4, 4, 0.3299, 0.9210
 5, 0.4, 0.024932, 4, 4, 0.8711, 0.3801, 0.7666
 5, 0.4, 0.056629, 4, 4, 0.2750, 0.9349
 5, 0.4, 0.051475, 4, 4, 0.5820, 0.6099, 0.0389
 5, 0.5, 0.027400, 1, 2, 0.3574, 0.8794
 5, 0.5, 0.020868, 1, 2, 0.3792, 0.7602, 0.1879
 5, 0.5, 0.044552, 2, 3, 0.2900, 0.2638
 5, 0.5, 0.029553, 2, 3, 0.6811, 0.6134, 0.6783
 5, 0.5, 0.042834, 4, 4, 0.2566, 0.0002
 5, 0.5, 0.036492, 4, 4, 0.7948, 0.7987, 0.5701
 5, 0.5, 0.025630, 1, 2, 0.0225
 5, 0.5, 0.024159, 1, 2, 0.0870, 0.1047
 5, 0.5, 0.023336, 1, 2, 0.6318, 0.6060, 0.6241
 5, 0.5, 0.025261, 2, 3, 0.6498, 0.8433
 5, 0.6, 0.020071, 1, 2, 0.4236
 5, 0.6, 0.024812, 1, 2, 0.6885, 0.0208
 5, 0.6, 0.020994, 1, 2, 0.5634, 0.4789, 0.1045
 5, 0.6, 0.021946, 2, 3, 0.9204, 0.7285
 5, 0.6, 0.027819, 2, 3, 0.7995, 0.7806, 0.4419
 5, 0.6, 0.038453, 1, 2, 0.5294
 5, 0.6, 0.027133, 1, 2, 0.4814, 0.1941
 5, 0.6, 0.034090, 1, 2, 0.8063, 0.5033, 0.3371
 5, 0.6, 0.029192, 2, 3, 0.6179, 0.1938
 5, 0.6, 0.039297, 2, 3, 0.8442, 0.7377, 0.6509
 5, 0.7, 0.059995, 3, 3, 0.0499, 0.7456
 5, 0.7, 0.049960, 3, 3, 0.5195, 0.9955, 0.8208
 5, 0.7, 0.059204, 4, 3, 0.1719, 0.5603, 0.3388
 5, 0.7, 0.071207, 3, 3, 0.0646, 0.9204
 5, 0.7, 0.038167, 3, 3, 0.8233, 0.3019, 0.7373
 5, 0.7, 0.031422, 3, 3, 0.6849, 0.7862, 0.8684
 5, 0.7, 0.042179, 3, 3, 0.0395, 0.8186
 5, 0.7, 0.059341, 3, 3, 0.4619, 0.5608, 0.5123
 5, 0.7, 0.042551, 4, 3, 0.3894, 0.7991, 0.7930
 5, 0.7, 0.086862, 3, 3, 0.0531, 0.7863
 5, 0.8, 0.037864, 3, 3, 0.1334, 0.7450
 5, 0.8, 0.039265, 3, 3, 0.9586, 0.4275, 0.6831
 5, 0.8, 0.040438, 4, 3, 0.0133, 0.5933
 5, 0.8, 0.045437, 4, 3, 0.3215, 0.0428, 0.6632
 5, 0.8, 0.041899, 3, 3, 0.1324, 0.7054
 5, 0.8, 0.043915, 3, 3, 0.5088, 0.2162, 0.4535
 5, 0.8, 0.035639, 4, 3, 0.6949, 0.4842, 0.8024
 5, 0.8, 0.053647, 3, 3, 0.2286, 0.9842
 5, 0.8, 0.031320, 3, 3, 0.9722, 0.0708, 0.6518
 5, 0.8, 0.033451, 4, 3, 0.0493, 0.7475
 5, 0.9, 0.028335, 3, 3, 0.4103, 0.9878
 5, 0.9, 0.022729, 3, 3, 0.5328, 0.8767, 0.2681
 5, 0.9, 0.021531, 3, 3, 0.3873, 0.9235
 5, 0.9, 0.020040, 3, 3, 0.4295, 0.5177, 0.1995
 5, 0.9, 0.021137, 3, 3, 0.3162, 0.6551
 5, 0.9, 0.024075, 3, 3, 0.4725, 0.8425, 0.2005
 5, 0.9, 0.029563, 3, 3, 0.4105, 0.9613
 5, 0.9, 0.023043, 3, 3, 0.6554, 0.4689, 0.3817
 5, 0.9, 0.016923, 3, 3, 0.2971, 0.6963
 5, 0.9, 0.025846, 3, 3, 0.3838, 0.3281, 0.2321
