10, 0.0, 0.000000, 1,10, 0.0000
10, 0.0, 0.000000, 1,10, 0.0000
10, 0.0, 0.000000, 1,10, 0.0000
10, 0.0, 0.000000, 1,10, 0.0000
10, 0.0, 0.000000, 1,10, 0.0000
10, 0.0, 0.000000, 1,10, 0.0000
10, 0.0, 0.000000, 1,10, 0.0000
10, 0.0, 0.000000, 1,10, 0.0000
10, 0.0, 0.000000, 1,10, 0.0000
10, 0.0, 0.000000, 1,10, 0.0000
10, 0.1, 0.014013, 1, 6, 0.1266
10, 0.1, 0.017202, 1, 6, 0.0621, 0.0707
10, 0.1, 0.020955, 1, 6, 0.1010, 0.2616, 0.9906
10, 0.1, 0.011995, 1, 7, 0.5337
10, 0.1, 0.017508, 1, 7, 0.3506, 0.5713
10, 0.1, 0.018255, 1, 7, 0.5707, 0.9206, 0.0678
10, 0.1, 0.017514, 2, 6, 0.0843
10, 0.1, 0.008637, 2, 6, 0.0096, 0.1201
10, 0.1, 0.021244, 2, 6, 0.0169, 0.1327, 0.9782
10, 0.1, 0.015542, 2, 7, 0.4345
10, 0.2, 0.025510, 1, 5, 0.2549
10, 0.2, 0.015213, 1, 5, 0.0374, 0.2295
10, 0.2, 0.022338, 1, 5, 0.0520, 0.1111, 0.5972
10, 0.2, 0.023027, 1, 6, 0.4956, 0.7226
10, 0.2, 0.028025, 1, 6, 0.1746, 0.5518, 0.3701
10, 0.2, 0.028478, 2, 5, 0.1165
10, 0.2, 0.025232, 2, 5, 0.1028, 0.0295
10, 0.2, 0.022478, 2, 5, 0.1154, 0.0576, 0.8660
10, 0.2, 0.025629, 2, 6, 0.5597
10, 0.2, 0.022825, 2, 6, 0.6652, 0.0195
10, 0.3, 0.028080, 1, 4, 0.1056, 0.0283
10, 0.3, 0.023269, 1, 4, 0.0359, 0.0707, 0.2361
10, 0.3, 0.028169, 1, 5, 0.3236, 0.7189
10, 0.3, 0.040414, 1, 5, 0.4268, 0.0934, 0.0608
10, 0.3, 0.028471, 2, 4, 0.0886, 0.0079, 0.9039
10, 0.3, 0.032137, 2, 5, 0.7550
10, 0.3, 0.030290, 2, 5, 0.5163, 0.0069
10, 0.3, 0.027169, 2, 5, 0.0311, 0.5179, 0.0647
10, 0.3, 0.029778, 2, 6, 0.9881, 0.6028, 0.0684
10, 0.3, 0.022123, 3, 5, 0.1792
10, 0.4, 0.026211, 1, 3, 0.0399, 0.0159
10, 0.4, 0.040686, 1, 3, 0.0529, 0.0301, 0.6910
10, 0.4, 0.045788, 1, 4, 0.7716
10, 0.4, 0.029640, 1, 4, 0.9773, 0.1950
10, 0.4, 0.026624, 1, 4, 0.4869, 0.2585, 0.8869
10, 0.4, 0.027634, 1, 5, 0.8518, 0.6209, 0.6300
10, 0.4, 0.029916, 2, 4, 0.2975
10, 0.4, 0.035667, 2, 4, 0.0059, 0.9205
10, 0.4, 0.053129, 2, 4, 0.0060, 0.3763, 0.6248
10, 0.4, 0.018604, 2, 5, 0.5565, 0.3751
10, 0.5, 0.020488, 1, 3, 0.4349
10, 0.5, 0.035916, 1, 3, 0.1852, 0.2298
10, 0.5, 0.021730, 1, 3, 0.1651, 0.2098, 0.5558
10, 0.5, 0.031013, 1, 4, 0.4827, 0.7516, 0.5510
10, 0.5, 0.030900, 2, 3, 0.0062
10, 0.5, 0.022507, 2, 3, 0.0167, 0.0341, 0.9439
10, 0.5, 0.024243, 2, 4, 0.2829, 0.5449
10, 0.5, 0.030810, 2, 4, 0.6522, 0.2308, 0.8762
10, 0.5, 0.022695, 2, 5, 0.9070, 0.9836, 0.4610
10, 0.5, 0.023313, 3, 4, 0.1610
10, 0.6, 0.024081, 1, 2, 0.0029
10, 0.6, 0.023233, 1, 3, 0.9496, 0.2575
10, 0.6, 0.020604, 1, 3, 0.5626, 0.5508, 0.8782
10, 0.6, 0.041576, 2, 3, 0.2246
10, 0.6, 0.035248, 2, 3, 0.1352, 0.5738
10, 0.6, 0.025896, 2, 3, 0.4536, 0.0556, 0.8192
10, 0.6, 0.037369, 2, 4, 0.9688, 0.6648, 0.9117
10, 0.6, 0.035637, 3, 4, 0.4900
10, 0.6, 0.030239, 3, 4, 0.2809, 0.6818
10, 0.6, 0.024298, 3, 4, 0.4492, 0.0194, 0.3075
10, 0.7, 0.034884, 1, 2, 0.3498
10, 0.7, 0.028280, 1, 2, 0.3285, 0.8774
10, 0.7, 0.028934, 1, 2, 0.1408, 0.8596, 0.1995
10, 0.7, 0.020423, 1, 3, 0.9613, 0.8882, 0.5411
10, 0.7, 0.034171, 2, 3, 0.3952, 0.1452
10, 0.7, 0.022149, 2, 3, 0.8206, 0.1702, 0.7143
10, 0.7, 0.025497, 3, 4, 0.9608, 0.8778
10, 0.7, 0.023791, 3, 4, 0.5077, 0.2732, 0.2094
10, 0.7, 0.054058, 4, 4, 0.1911, 0.1156, 0.9948
10, 0.7, 0.044643, 5, 5, 0.2768, 0.1803
10, 0.8, 0.020880, 1, 2, 0.9538, 0.6444, 0.6568
10, 0.8, 0.016122, 2, 3, 0.7857, 0.5512, 0.3562
10, 0.8, 0.024770, 3, 3, 0.1058, 0.0442, 0.7024
10, 0.8, 0.035453, 4, 4, 0.0153, 0.5069
10, 0.8, 0.025898, 4, 4, 0.0396, 0.4058, 0.0640
10, 0.8, 0.022031, 5, 4, 0.0166, 0.2625, 0.8642
10, 0.8, 0.038920, 5, 5, 0.5613, 0.1138
10, 0.8, 0.030942, 5, 5, 0.1653, 0.8226, 0.9274
10, 0.8, 0.051624, 6, 4, 0.0421, 0.1355, 0.9733
10, 0.8, 0.039558, 6, 5, 0.6747
10, 0.9, 0.018179, 3, 3, 0.1385
10, 0.9, 0.020343, 3, 3, 0.1822, 0.6575
10, 0.9, 0.021557, 3, 3, 0.7681, 0.1733, 0.9281
10, 0.9, 0.014814, 4, 4, 0.8784, 0.0738
10, 0.9, 0.023468, 4, 4, 0.3621, 0.3262, 0.3993
10, 0.9, 0.014676, 5, 4, 0.1571
10, 0.9, 0.015800, 5, 4, 0.1457, 0.9221
10, 0.9, 0.019785, 5, 4, 0.5960, 0.1478, 0.7633
10, 0.9, 0.023131, 5, 5, 0.6909, 0.7319, 0.9571
10, 0.9, 0.016507, 6, 4, 0.0187
