 7, 0.0, 0.000000, 1, 7, 0.0000
 7, 0.0, 0.000000, 1, 7, 0.0000
 7, 0.0, 0.000000, 1, 7, 0.0000
 7, 0.0, 0.000000, 1, 7, 0.0000
 7, 0.0, 0.000000, 1, 7, 0.0000
 7, 0.0, 0.000000, 1, 7, 0.0000
 7, 0.0, 0.000000, 1, 7, 0.0000
 7, 0.0, 0.000000, 1, 7, 0.0000
 7, 0.0, 0.000000, 1, 7, 0.0000
 7, 0.0, 0.000000, 1, 7, 0.0000
 7, 0.1, 0.021276, 1, 4, 0.2509, 0.1183, 0.6589
 7, 0.1, 0.016811, 1, 5, 0.3555
 7, 0.1, 0.016402, 1, 5, 0.9350, 0.6306
 7, 0.1, 0.022404, 1, 5, 0.3668, 0.1386, 0.3257
 7, 0.1, 0.014807, 2, 4, 0.1997, 0.1372, 0.8059
 7, 0.1, 0.017135, 2, 5, 0.1418
 7, 0.1, 0.015402, 2, 5, 0.3652, 0.6215
 7, 0.1, 0.019629, 2, 5, 0.0801, 0.4520, 0.1960
 7, 0.1, 0.007989, 3, 5, 0.0043, 0.3551
 7, 0.1, 0.021254, 3, 5, 0.0766, 0.4954, 0.0865
 7, 0.2, 0.024922, 1, 3, 0.0617, 0.0848, 0.9541
 7, 0.2, 0.016140, 1, 4, 0.2495
 7, 0.2, 0.024553, 1, 4, 0.1274, 0.0975
 7, 0.2, 0.023740, 1, 4, 0.1910, 0.7625, 0.0716
 7, 0.2, 0.020905, 2, 4, 0.2288, 0.3538, 0.5783
 7, 0.2, 0.026034, 2, 5, 0.9483, 0.6508, 0.2841
 7, 0.2, 0.039670, 3, 4, 0.3502, 0.2337, 0.9032
 7, 0.2, 0.036598, 3, 5, 0.9509
 7, 0.2, 0.024181, 3, 5, 0.7411, 0.4965
 7, 0.2, 0.031016, 3, 5, 0.5361, 0.1485, 0.2846
 7, 0.3, 0.034919, 1, 3, 0.0370, 0.1592, 0.2162
 7, 0.3, 0.030075, 1, 4, 0.8914, 0.5059
 7, 0.3, 0.023267, 1, 4, 0.8492, 0.9296, 0.1117
 7, 0.3, 0.022857, 2, 4, 0.3198
 7, 0.3, 0.021389, 2, 4, 0.1880, 0.8432
 7, 0.3, 0.018642, 2, 4, 0.1053, 0.6558, 0.1599
 7, 0.3, 0.040491, 3, 4, 0.0450, 0.6779, 0.5780
 7, 0.3, 0.023347, 4, 5, 0.9912, 0.1202
 7, 0.3, 0.044469, 4, 5, 0.7658, 0.4725, 0.2948
 7, 0.3, 0.056208, 5, 5, 0.5954, 0.4953
 7, 0.4, 0.024470, 1, 3, 0.3941
 7, 0.4, 0.019359, 1, 3, 0.3107, 0.0630
 7, 0.4, 0.027241, 1, 3, 0.4206, 0.6842, 0.9287
 7, 0.4, 0.032563, 2, 3, 0.1900, 0.0509, 0.7003
 7, 0.4, 0.035231, 2, 4, 0.7011, 0.9361
 7, 0.4, 0.022943, 2, 4, 0.4440, 0.4991, 0.2822
 7, 0.4, 0.032371, 3, 4, 0.1170, 0.7412
 7, 0.4, 0.029369, 3, 4, 0.3789, 0.0397, 0.3380
 7, 0.4, 0.042182, 5, 5, 0.6993, 0.3547, 0.5596
 7, 0.4, 0.087618, 6, 5, 0.1774, 0.3361
 7, 0.5, 0.024453, 1, 3, 0.6534, 0.6750
 7, 0.5, 0.039934, 1, 3, 0.5273, 0.4382, 0.1964
 7, 0.5, 0.035490, 2, 3, 0.0785, 0.5470
 7, 0.5, 0.032450, 2, 3, 0.5068, 0.3224, 0.9510
 7, 0.5, 0.023948, 3, 4, 0.3672
 7, 0.5, 0.026674, 3, 4, 0.2897, 0.6757
 7, 0.5, 0.032134, 3, 4, 0.7929, 0.6239, 0.8736
 7, 0.5, 0.068514, 5, 5, 0.5855
 7, 0.5, 0.051881, 5, 5, 0.9906, 0.0243
 7, 0.5, 0.089566, 5, 5, 0.9007, 0.0348, 0.0977
 7, 0.6, 0.030662, 1, 2, 0.1396, 0.0181
 7, 0.6, 0.022238, 1, 2, 0.4280, 0.3438, 0.9359
 7, 0.6, 0.017159, 2, 3, 0.4195
 7, 0.6, 0.028614, 2, 3, 0.3597, 0.5394
 7, 0.6, 0.030373, 2, 3, 0.3500, 0.8946, 0.0436
 7, 0.6, 0.031067, 3, 4, 0.8783, 0.9609
 7, 0.6, 0.018962, 3, 4, 0.6903, 0.7244, 0.5405
 7, 0.6, 0.076017, 5, 4, 0.0783, 0.4002, 0.9114
 7, 0.6, 0.078717, 6, 5, 0.2529, 0.0249
 7, 0.6, 0.057084, 6, 5, 0.8618, 0.2189, 0.7117
 7, 0.7, 0.023495, 1, 2, 0.5780, 0.5856
 7, 0.7, 0.023864, 1, 2, 0.7196, 0.2952, 0.3874
 7, 0.7, 0.026744, 2, 3, 0.6242, 0.4546
 7, 0.7, 0.022124, 2, 3, 0.6317, 0.7747, 0.5770
 7, 0.7, 0.065990, 3, 3, 0.0470, 0.1871, 0.8894
 7, 0.7, 0.037553, 6, 4, 0.1220, 0.3505, 0.8596
 7, 0.7, 0.030724, 6, 5, 0.4043
 7, 0.7, 0.050447, 6, 5, 0.8152, 0.4328
 7, 0.7, 0.050780, 6, 5, 0.9704, 0.5488, 0.0847
 7, 0.7, 0.019440, 1, 2, 0.6156, 0.6631
 7, 0.8, 0.014771, 3, 3, 0.1123, 0.2766, 0.7873
 7, 0.8, 0.030930, 4, 3, 0.0210, 0.0120, 0.8161
 7, 0.8, 0.036123, 4, 4, 0.0735, 0.0835
 7, 0.8, 0.049452, 4, 4, 0.0986, 0.5166, 0.1687
 7, 0.8, 0.043495, 5, 4, 0.3403, 0.2558, 0.5722
 7, 0.8, 0.041085, 6, 4, 0.0118, 0.2707, 0.2871
 7, 0.8, 0.031040, 6, 5, 0.9789, 0.2296
 7, 0.8, 0.035947, 6, 5, 0.9434, 0.3179, 0.0854
 7, 0.8, 0.060205, 3, 3, 0.5792, 0.0984, 0.8778
 7, 0.8, 0.046709, 4, 3, 0.0446, 0.0294, 0.9381
 7, 0.9, 0.027018, 3, 3, 0.0885, 0.7449
 7, 0.9, 0.017668, 3, 3, 0.1005, 0.6091, 0.0642
 7, 0.9, 0.022556, 4, 3, 0.1929, 0.3685, 0.9728
 7, 0.9, 0.020658, 4, 4, 0.5226
 7, 0.9, 0.020242, 4, 4, 0.3273, 0.4195
 7, 0.9, 0.015320, 4, 4, 0.9876, 0.5377, 0.9726
 7, 0.9, 0.017333, 5, 3, 0.0828, 0.0988, 0.7989
 7, 0.9, 0.020499, 5, 4, 0.3873
 7, 0.9, 0.021111, 5, 4, 0.0726, 0.7426
 7, 0.9, 0.021659, 5, 4, 0.3211, 0.5907, 0.5956
