 6, 0.0, 0.000000, 1, 6, 0.0000
 6, 0.0, 0.000000, 1, 6, 0.0000
 6, 0.0, 0.000000, 1, 6, 0.0000
 6, 0.0, 0.000000, 1, 6, 0.0000
 6, 0.0, 0.000000, 1, 6, 0.0000
 6, 0.0, 0.000000, 1, 6, 0.0000
 6, 0.0, 0.000000, 1, 6, 0.0000
 6, 0.0, 0.000000, 1, 6, 0.0000
 6, 0.0, 0.000000, 1, 6, 0.0000
 6, 0.0, 0.000000, 1, 6, 0.0000
 6, 0.1, 0.012441, 1, 3, 0.1371, 0.0370, 0.6086
 6, 0.1, 0.012180, 1, 4, 0.0088
 6, 0.1, 0.019013, 1, 4, 0.6557, 0.8654
 6, 0.1, 0.013713, 1, 4, 0.3412, 0.8157, 0.7013
 6, 0.1, 0.007148, 2, 4, 0.0372, 0.4985, 0.5017
 6, 0.1, 0.011543, 2, 5, 0.5443, 0.4568, 0.4718
 6, 0.1, 0.017006, 3, 4, 0.2510, 0.2319, 0.9479
 6, 0.1, 0.014503, 4, 5, 0.7684, 0.5541, 0.1895
 6, 0.1, 0.016856, 5, 5, 0.2603, 0.3723
 6, 0.1, 0.006470, 5, 5, 0.3780, 0.6872, 0.0387
 6, 0.2, 0.022958, 1, 3, 0.1960, 0.2427, 0.4598
 6, 0.2, 0.026998, 1, 4, 0.8980, 0.9060, 0.7422
 6, 0.2, 0.022269, 2, 4, 0.0631
 6, 0.2, 0.017947, 2, 4, 0.5731, 0.9308
 6, 0.2, 0.027101, 2, 4, 0.2175, 0.6801, 0.1542
 6, 0.2, 0.016311, 3, 4, 0.1130, 0.4242, 0.4649
 6, 0.2, 0.028434, 1, 3, 0.0380, 0.9979, 0.6812
 6, 0.2, 0.019872, 2, 4, 0.0854
 6, 0.2, 0.030075, 2, 4, 0.1052, 0.1692
 6, 0.2, 0.027430, 2, 4, 0.8229, 0.3063, 0.9458
 6, 0.3, 0.026036, 1, 3, 0.0932
 6, 0.3, 0.031517, 1, 3, 0.1025, 0.2259
 6, 0.3, 0.039107, 1, 3, 0.2196, 0.3480, 0.1457
 6, 0.3, 0.027846, 2, 3, 0.8111, 0.0840, 0.9386
 6, 0.3, 0.032421, 2, 4, 0.9434
 6, 0.3, 0.035618, 2, 4, 0.4698, 0.1026
 6, 0.3, 0.034338, 2, 4, 0.8198, 0.3662, 0.6492
 6, 0.3, 0.030798, 3, 4, 0.2433, 0.9387, 0.1949
 6, 0.3, 0.020091, 1, 3, 0.1776
 6, 0.3, 0.022617, 1, 3, 0.1841, 0.0983
 6, 0.4, 0.034362, 1, 3, 0.5549, 0.6401
 6, 0.4, 0.028946, 1, 3, 0.8402, 0.9698, 0.0382
 6, 0.4, 0.032473, 2, 3, 0.0033, 0.7522
 6, 0.4, 0.046194, 2, 3, 0.0946, 0.3030, 0.3192
 6, 0.4, 0.031825, 3, 4, 0.1582
 6, 0.4, 0.036735, 3, 4, 0.4502, 0.6412
 6, 0.4, 0.044045, 3, 4, 0.3726, 0.6197, 0.2903
 6, 0.4, 0.042605, 1, 3, 0.5413, 0.1650
 6, 0.4, 0.033781, 1, 3, 0.6876, 0.6905, 0.4101
 6, 0.4, 0.032092, 2, 3, 0.0048, 0.9039
 6, 0.5, 0.023173, 1, 2, 0.0602, 0.4414
 6, 0.5, 0.017800, 1, 2, 0.3144, 0.1491, 0.6803
 6, 0.5, 0.026073, 2, 3, 0.1073
 6, 0.5, 0.025131, 2, 3, 0.2394, 0.7477
 6, 0.5, 0.036791, 2, 3, 0.2732, 0.9400, 0.2263
 6, 0.5, 0.024927, 3, 4, 0.5576
 6, 0.5, 0.017419, 3, 4, 0.9826, 0.4495
 6, 0.5, 0.025501, 3, 4, 0.9549, 0.8111, 0.2932
 6, 0.5, 0.060222, 4, 4, 0.1662, 0.9727
 6, 0.5, 0.091549, 4, 4, 0.1636, 0.9180, 0.2384
 6, 0.6, 0.014344, 1, 2, 0.4135, 0.6874
 6, 0.6, 0.023574, 1, 2, 0.4569, 0.2395, 0.3962
 6, 0.6, 0.032725, 2, 3, 0.4105
 6, 0.6, 0.039295, 2, 3, 0.5651, 0.0125
 6, 0.6, 0.030715, 2, 3, 0.7179, 0.1943, 0.2565
 6, 0.6, 0.042277, 3, 4, 0.9899, 0.9799, 0.7556
 6, 0.6, 0.066081, 4, 4, 0.3470, 0.7377
 6, 0.6, 0.043369, 4, 4, 0.2965, 0.9155, 0.3222
 6, 0.6, 0.064837, 5, 4, 0.1870, 0.1643, 0.4776
 6, 0.6, 0.027779, 1, 2, 0.3217
 6, 0.7, 0.035470, 1, 2, 0.7438, 0.3976
 6, 0.7, 0.026732, 1, 2, 0.7149, 0.7237, 0.2175
 6, 0.7, 0.027364, 2, 3, 0.9743, 0.7257, 0.4226
 6, 0.7, 0.044170, 3, 3, 0.0553, 0.3016, 0.3417
 6, 0.7, 0.081009, 4, 3, 0.5616, 0.0594, 0.7695
 6, 0.7, 0.044320, 4, 4, 0.5969, 0.4504
 6, 0.7, 0.043777, 4, 4, 0.2503, 0.1268, 0.1687
 6, 0.7, 0.066269, 5, 4, 0.1095, 0.6101
 6, 0.7, 0.042669, 5, 4, 0.0542, 0.9570, 0.2645
 6, 0.7, 0.027449, 1, 2, 0.9127, 0.4521
 6, 0.8, 0.059849, 3, 3, 0.9093, 0.0958, 0.8367
 6, 0.8, 0.042461, 4, 3, 0.1450, 0.7164, 0.8365
 6, 0.8, 0.036649, 4, 4, 0.3122
 6, 0.8, 0.027021, 4, 4, 0.4646, 0.1554
 6, 0.8, 0.026379, 4, 4, 0.7158, 0.3077, 0.0361
 6, 0.8, 0.047313, 5, 3, 0.5622, 0.0603, 0.7186
 6, 0.8, 0.043509, 5, 4, 0.0842
 6, 0.8, 0.037467, 5, 4, 0.2432, 0.2785
 6, 0.8, 0.048084, 5, 4, 0.1560, 0.9070, 0.6558
 6, 0.8, 0.039943, 3, 3, 0.3107, 0.3868, 0.4738
 6, 0.9, 0.023651, 3, 3, 0.0308, 0.4834
 6, 0.9, 0.026427, 3, 3, 0.2020, 0.7377, 0.2624
 6, 0.9, 0.028846, 4, 3, 0.4765, 0.2316, 0.4308
 6, 0.9, 0.019671, 4, 4, 0.9448, 0.0444
 6, 0.9, 0.027527, 5, 3, 0.1130, 0.7533, 0.7172
 6, 0.9, 0.013623, 5, 4, 0.7228, 0.3992
 6, 0.9, 0.010569, 5, 4, 0.7010, 0.9248, 0.3350
 6, 0.9, 0.018184, 3, 3, 0.0955, 0.4709
 6, 0.9, 0.026178, 3, 3, 0.8783, 0.2995, 0.7148
 6, 0.9, 0.017533, 4, 3, 0.3838, 0.6201, 0.6514
