 9, 0.0, 0.000000, 1, 9, 0.0000
 9, 0.0, 0.000000, 1, 9, 0.0000
 9, 0.0, 0.000000, 1, 9, 0.0000
 9, 0.0, 0.000000, 1, 9, 0.0000
 9, 0.0, 0.000000, 1, 9, 0.0000
 9, 0.0, 0.000000, 1, 9, 0.0000
 9, 0.0, 0.000000, 1, 9, 0.0000
 9, 0.0, 0.000000, 1, 9, 0.0000
 9, 0.0, 0.000000, 1, 9, 0.0000
 9, 0.0, 0.000000, 1, 9, 0.0000
 9, 0.1, 0.008633, 1, 5, 0.1457, 0.1061, 0.9623
 9, 0.1, 0.014262, 1, 6, 0.3738
 9, 0.1, 0.020061, 1, 6, 0.3506, 0.9258
 9, 0.1, 0.017632, 1, 6, 0.3757, 0.2441, 0.4506
 9, 0.1, 0.008266, 2, 5, 0.0077, 0.0034, 0.9787
 9, 0.1, 0.017183, 2, 6, 0.2128
 9, 0.1, 0.016746, 2, 6, 0.1867, 0.7833
 9, 0.1, 0.017447, 2, 6, 0.9783, 0.9654, 0.9645
 9, 0.1, 0.014409, 3, 6, 0.1336, 0.9856
 9, 0.1, 0.021773, 3, 6, 0.7389, 0.0938, 0.7424
 9, 0.2, 0.029219, 1, 4, 0.0539, 0.0568, 0.9684
 9, 0.2, 0.026190, 1, 5, 0.4582
 9, 0.2, 0.016956, 1, 5, 0.0693, 0.5800
 9, 0.2, 0.031202, 1, 5, 0.2344, 0.0744, 0.2163
 9, 0.2, 0.025786, 2, 5, 0.1952
 9, 0.2, 0.033323, 2, 5, 0.1638, 0.0453
 9, 0.2, 0.024373, 2, 5, 0.0938, 0.4002, 0.8890
 9, 0.2, 0.040881, 2, 6, 0.9728, 0.3158
 9, 0.2, 0.020878, 2, 6, 0.7115, 0.2512, 0.2940
 9, 0.2, 0.018011, 3, 5, 0.0442
 9, 0.3, 0.027413, 1, 3, 0.0194, 0.0035, 0.9245
 9, 0.3, 0.032750, 1, 4, 0.3401
 9, 0.3, 0.035592, 1, 4, 0.1102, 0.9787
 9, 0.3, 0.024120, 1, 4, 0.1663, 0.1452, 0.5293
 9, 0.3, 0.025130, 1, 5, 0.8608, 0.8278
 9, 0.3, 0.031910, 1, 5, 0.4938, 0.7003, 0.4732
 9, 0.3, 0.018554, 2, 4, 0.0993
 9, 0.3, 0.042746, 2, 4, 0.2215, 0.0051, 0.8769
 9, 0.3, 0.023426, 2, 5, 0.8575, 0.0419
 9, 0.3, 0.034995, 2, 5, 0.9372, 0.2597, 0.7553
 9, 0.4, 0.028781, 1, 3, 0.0149, 0.2796
 9, 0.4, 0.018373, 1, 3, 0.2206, 0.0572, 0.6984
 9, 0.4, 0.024758, 1, 4, 0.5154, 0.8727
 9, 0.4, 0.042823, 1, 4, 0.4509, 0.0898, 0.1832
 9, 0.4, 0.035850, 2, 4, 0.3170
 9, 0.4, 0.020670, 2, 4, 0.3457, 0.0024
 9, 0.4, 0.031199, 2, 4, 0.1747, 0.5780, 0.9976
 9, 0.4, 0.023730, 2, 5, 0.5150, 0.6794, 0.3147
 9, 0.4, 0.022264, 3, 4, 0.1996, 0.0114, 0.6268
 9, 0.4, 0.037021, 3, 5, 0.6607, 0.0803
 9, 0.5, 0.033999, 1, 3, 0.2342, 0.7659
 9, 0.5, 0.036950, 1, 3, 0.3181, 0.1672, 0.4422
 9, 0.5, 0.039836, 1, 4, 0.9396, 0.6517, 0.4517
 9, 0.5, 0.038566, 2, 3, 0.0253, 0.0188, 0.2126
 9, 0.5, 0.034312, 2, 4, 0.5838, 0.8151
 9, 0.5, 0.039054, 2, 4, 0.3042, 0.3061, 0.1550
 9, 0.5, 0.031536, 3, 4, 0.0838, 0.6209
 9, 0.5, 0.026547, 3, 4, 0.2540, 0.2523, 0.7238
 9, 0.5, 0.029802, 3, 5, 0.8312, 0.4769, 0.3743
 9, 0.5, 0.022560, 4, 5, 0.5714, 0.0233
 9, 0.6, 0.034104, 1, 2, 0.0634
 9, 0.6, 0.025884, 1, 2, 0.0541, 0.0004
 9, 0.6, 0.032495, 1, 2, 0.1001, 0.0486, 0.9255
 9, 0.6, 0.029515, 1, 3, 0.7753, 0.6486
 9, 0.6, 0.015593, 1, 3, 0.7078, 0.4138, 0.6292
 9, 0.6, 0.026830, 2, 3, 0.2508
 9, 0.6, 0.029029, 2, 3, 0.1420, 0.2017
 9, 0.6, 0.021555, 2, 3, 0.0974, 0.9723, 0.2860
 9, 0.6, 0.015968, 2, 4, 0.9366, 0.6015, 0.1909
 9, 0.6, 0.045305, 3, 4, 0.5815
 9, 0.7, 0.018133, 1, 2, 0.5514
 9, 0.7, 0.017690, 1, 2, 0.1934, 0.4954
 9, 0.7, 0.037871, 1, 2, 0.2831, 0.2670, 0.6001
 9, 0.7, 0.022432, 2, 3, 0.4760, 0.4695
 9, 0.7, 0.022782, 2, 3, 0.3747, 0.8667, 0.3605
 9, 0.7, 0.025408, 3, 4, 0.9590, 0.5491
 9, 0.7, 0.025481, 3, 4, 0.8081, 0.3060, 0.1399
 9, 0.7, 0.057389, 4, 4, 0.0689, 0.2259, 0.7508
 9, 0.7, 0.047164, 5, 4, 0.0141, 0.0834, 0.5649
 9, 0.7, 0.047426, 5, 5, 0.4167
 9, 0.8, 0.012591, 1, 2, 0.8215, 0.8688, 0.4634
 9, 0.8, 0.014709, 2, 3, 0.9071, 0.8936, 0.4968
 9, 0.8, 0.025944, 3, 3, 0.1193, 0.0353, 0.7107
 9, 0.8, 0.028192, 4, 4, 0.1740, 0.0597
 9, 0.8, 0.041343, 4, 4, 0.0067, 0.4502, 0.1346
 9, 0.8, 0.030609, 5, 4, 0.0365, 0.3297, 0.8715
 9, 0.8, 0.050447, 5, 5, 0.5077, 0.7580
 9, 0.8, 0.042738, 5, 5, 0.1956, 0.5201, 0.4523
 9, 0.8, 0.028541, 6, 4, 0.1042, 0.0114, 0.7685
 9, 0.8, 0.023943, 6, 5, 0.3654, 0.2714
 9, 0.9, 0.018278, 3, 3, 0.0915, 0.0294
 9, 0.9, 0.017610, 3, 3, 0.2573, 0.0708, 0.2230
 9, 0.9, 0.024486, 4, 3, 0.2213, 0.1131, 0.6184
 9, 0.9, 0.014458, 4, 4, 0.9678
 9, 0.9, 0.022964, 4, 4, 0.4303, 0.0984
 9, 0.9, 0.012084, 4, 4, 0.4316, 0.3963, 0.6123
 9, 0.9, 0.020035, 5, 3, 0.1815, 0.0248, 0.9213
 9, 0.9, 0.030384, 5, 4, 0.2498
 9, 0.9, 0.020055, 5, 4, 0.1601, 0.1347
 9, 0.9, 0.018035, 5, 4, 0.1850, 0.6246, 0.7563
